0 , 27.80 , -0.37 , 10
1 , 27.04 , -0.08 , 10
2 , 27.29 , 0.05 , 10
4 , 26.78 , -0.04 , 10
5 , 26.27 , -0.02 , 10
6 , 26.02 , -0.02 , 10
8 , 27.29 , -0.06 , 10
9 , 27.04 , 0.01 , 10
10 , 27.29 , -0.13 , 15
12 , 27.04 , -0.04 , 15
13 , 27.55 , -0.08 , 15
14 , 29.08 , -0.02 , 15
16 , 29.59 , 0.02 , 15
17 , 29.34 , -0.15 , 15
18 , 28.82 , -0.06 , 15
20 , 28.82 , -0.04 , 15
21 , 29.59 , -0.19 , 20
22 , 29.34 , -0.22 , 20
23 , 29.85 , -0.15 , 20
25 , 29.59 , -0.20 , 20
26 , 31.12 , -0.20 , 20
27 , 30.87 , -0.12 , 20
29 , 31.12 , -0.19 , 20
30 , 31.63 , -0.14 , 20
31 , 31.89 , -0.22 , 25
33 , 31.89 , -0.26 , 25
34 , 32.91 , -0.21 , 25
35 , 33.67 , -0.25 , 25
37 , 34.18 , -0.28 , 25
38 , 34.95 , -0.22 , 25
39 , 34.44 , -0.16 , 25
41 , 34.44 , -0.28 , 25
42 , 34.18 , -0.39 , 30
43 , 34.44 , -0.34 , 30
45 , 34.95 , -0.40 , 30
46 , 35.20 , -0.32 , 30
47 , 35.46 , -0.35 , 30
48 , 35.71 , -0.41 , 30
50 , 36.22 , -0.39 , 30
51 , 37.24 , -0.35 , 30
52 , 37.50 , -0.46 , 35
54 , 38.27 , -0.41 , 35
55 , 39.03 , -0.39 , 35
56 , 38.78 , -0.41 , 35
58 , 39.54 , -0.40 , 35
59 , 41.07 , -0.39 , 35
60 , 41.33 , -0.38 , 35
62 , 43.11 , -0.40 , 35
63 , 42.86 , -0.49 , 40
64 , 44.39 , -0.55 , 40
66 , 44.64 , -0.49 , 40
67 , 45.41 , -0.53 , 40
68 , 46.43 , -0.52 , 40
70 , 46.69 , -0.46 , 40
71 , 47.96 , -0.55 , 40
72 , 48.22 , -0.55 , 40
73 , 48.47 , -0.62 , 45
75 , 49.75 , -0.53 , 45
76 , 50.26 , -0.65 , 45
77 , 51.02 , -0.56 , 45
79 , 51.53 , -0.59 , 45
80 , 52.04 , -0.50 , 45
81 , 52.55 , -0.51 , 45
83 , 52.81 , -0.63 , 45
84 , 53.83 , -0.78 , 50
85 , 54.59 , -0.65 , 50
87 , 54.85 , -0.67 , 50
88 , 55.36 , -0.66 , 50
89 , 56.38 , -0.67 , 50
91 , 56.64 , -0.71 , 50
92 , 57.40 , -0.74 , 50
93 , 57.15 , -0.64 , 50
95 , 57.91 , -0.75 , 55
96 , 58.68 , -0.81 , 55
97 , 60.21 , -0.70 , 55
98 , 60.97 , -0.73 , 55
100 , 60.72 , -0.71 , 55
101 , 62.25 , -0.72 , 55
102 , 62.25 , -0.85 , 55
104 , 63.01 , -0.77 , 55
105 , 63.78 , -0.86 , 60
106 , 64.80 , -0.89 , 60
108 , 65.57 , -0.94 , 60
109 , 65.31 , -0.90 , 60
110 , 66.59 , -0.85 , 60
112 , 66.84 , -0.90 , 60
113 , 67.35 , -0.88 , 60
114 , 67.86 , -0.89 , 60
116 , 68.63 , -0.59 , 55
117 , 67.35 , -0.64 , 55
118 , 67.61 , -0.57 , 55
120 , 67.35 , -0.53 , 55
121 , 67.86 , -0.53 , 55
122 , 68.12 , -0.59 , 55
123 , 67.61 , -0.60 , 55
125 , 67.61 , -0.64 , 55
126 , 67.86 , -0.61 , 55
127 , 67.35 , -0.50 , 55
129 , 67.86 , -0.55 , 55
130 , 67.86 , -0.70 , 55
131 , 68.12 , -0.64 , 55
133 , 68.12 , -0.57 , 55
134 , 67.86 , -0.58 , 55
135 , 68.12 , -0.54 , 55
137 , 68.12 , -0.53 , 55
138 , 68.63 , -0.52 , 55
139 , 67.86 , -0.64 , 55
141 , 67.61 , -0.69 , 55
142 , 68.12 , -0.57 , 55
143 , 68.12 , -0.51 , 55
145 , 68.12 , -0.56 , 55
146 , 67.86 , -0.56 , 55
147 , 68.63 , -0.49 , 55
148 , 68.88 , -0.60 , 55
150 , 68.88 , -0.62 , 55
151 , 68.63 , -0.60 , 55
152 , 68.63 , -0.52 , 55
154 , 68.37 , -0.62 , 55
155 , 68.63 , -0.63 , 55
156 , 68.63 , -0.60 , 55
158 , 68.37 , -0.62 , 55
159 , 68.63 , -0.57 , 55
160 , 68.12 , -0.54 , 55
162 , 68.63 , -0.56 , 55
163 , 68.12 , -0.55 , 55
164 , 68.37 , -0.61 , 55
166 , 68.63 , -0.52 , 55
167 , 68.88 , -0.58 , 55
168 , 68.63 , -0.63 , 55
170 , 69.39 , -0.58 , 55
171 , 68.88 , -0.57 , 55
172 , 69.14 , -0.59 , 55
173 , 69.39 , -0.58 , 55
175 , 68.88 , -0.58 , 55
176 , 69.65 , -0.52 , 55
177 , 67.61 , -0.61 , 55
179 , 66.08 , -0.55 , 55
180 , 65.31 , -0.57 , 55
181 , 65.06 , -0.61 , 55
183 , 65.06 , -0.70 , 55
184 , 64.29 , -0.63 , 55
185 , 65.06 , -0.63 , 55
187 , 66.08 , -0.63 , 55
188 , 65.31 , -0.57 , 55
189 , 66.08 , -0.59 , 55
191 , 65.57 , -0.50 , 55
192 , 66.33 , -0.59 , 55
193 , 66.33 , -0.58 , 55
195 , 66.08 , -0.45 , 55
196 , 65.82 , -0.58 , 55
197 , 66.84 , -0.65 , 55
198 , 66.59 , -0.51 , 55
200 , 66.33 , -0.51 , 55
201 , 66.84 , -0.60 , 55
202 , 66.84 , -0.54 , 55
204 , 66.59 , -0.63 , 55
205 , 67.10 , -0.59 , 55
206 , 66.84 , -0.62 , 55
208 , 67.10 , -0.53 , 55
209 , 66.84 , -0.51 , 55
210 , 66.59 , -0.64 , 55
212 , 66.84 , -0.56 , 55
213 , 66.59 , -0.50 , 55
214 , 66.84 , -0.53 , 55
216 , 66.84 , -0.56 , 55
217 , 66.84 , -0.59 , 55
218 , 67.35 , -0.54 , 55
220 , 67.35 , -0.65 , 55
221 , 66.59 , -0.64 , 55
222 , 67.61 , -0.54 , 55
223 , 67.10 , -0.50 , 55
225 , 67.86 , -0.58 , 55
226 , 67.61 , -0.62 , 55
227 , 67.61 , -0.52 , 55
229 , 67.10 , -0.62 , 55
230 , 67.35 , -0.59 , 55
231 , 67.35 , -0.56 , 55
233 , 66.84 , -0.44 , 55
234 , 67.35 , -0.63 , 55
235 , 66.84 , -0.60 , 55
237 , 67.10 , -0.58 , 55
238 , 66.84 , -0.58 , 55
239 , 67.10 , -0.61 , 55
241 , 67.10 , -0.45 , 55
242 , 66.33 , -0.60 , 55
243 , 66.59 , -0.51 , 55
244 , 66.08 , -0.60 , 55
246 , 66.84 , -0.49 , 55
247 , 66.84 , -0.58 , 55
248 , 66.59 , -0.64 , 55
250 , 66.84 , -0.54 , 55
251 , 66.59 , -0.52 , 55
252 , 66.59 , -0.66 , 55
254 , 66.33 , -0.54 , 55
255 , 67.10 , -0.53 , 55
256 , 66.84 , -0.60 , 55
258 , 66.84 , -0.65 , 55
259 , 66.84 , -0.60 , 55
260 , 66.84 , -0.58 , 55
262 , 67.10 , -0.61 , 55
263 , 66.33 , -0.55 , 55
264 , 67.10 , -0.51 , 55
266 , 66.84 , -0.60 , 55
267 , 66.59 , -0.66 , 55
268 , 66.33 , -0.54 , 55
269 , 66.08 , -0.50 , 55
271 , 66.59 , -0.59 , 55
272 , 66.59 , -0.57 , 55
273 , 66.84 , -0.44 , 55
275 , 67.10 , -0.58 , 55
276 , 66.59 , -0.63 , 55
277 , 66.08 , -0.61 , 55
279 , 65.82 , -0.62 , 55
280 , 66.33 , -0.65 , 55
281 , 66.33 , -0.62 , 55
283 , 66.33 , -0.54 , 55
284 , 66.33 , -0.57 , 55
285 , 66.59 , -0.65 , 55
287 , 66.84 , -0.57 , 55
288 , 67.10 , -0.45 , 55
289 , 66.59 , -0.58 , 55
291 , 66.33 , -0.55 , 55
292 , 66.59 , -0.56 , 55
293 , 66.33 , -0.56 , 55
294 , 66.08 , -0.67 , 55
296 , 66.33 , -0.60 , 55
297 , 66.59 , -0.48 , 55
298 , 66.84 , -0.60 , 55
300 , 66.33 , -0.61 , 55
301 , 66.33 , -0.50 , 55
302 , 66.33 , -0.52 , 55
304 , 66.59 , -0.61 , 55
305 , 66.59 , -0.59 , 55
306 , 66.84 , -0.58 , 55
308 , 66.84 , -0.61 , 55
309 , 66.59 , -0.58 , 55
310 , 66.84 , -0.55 , 55
312 , 66.33 , -0.60 , 55
313 , 67.35 , -0.60 , 55
314 , 66.84 , -0.55 , 55
316 , 67.10 , -0.52 , 55
317 , 66.84 , -0.57 , 55
318 , 66.33 , -0.57 , 55
319 , 66.84 , -0.51 , 55
321 , 66.59 , -0.59 , 55
322 , 66.84 , -0.59 , 55
323 , 66.84 , -0.58 , 55
325 , 66.59 , -0.50 , 55
326 , 66.59 , -0.60 , 55
327 , 67.35 , -0.59 , 55
329 , 67.10 , -0.51 , 55
330 , 67.10 , -0.58 , 55
331 , 67.10 , -0.64 , 55
333 , 66.84 , -0.56 , 55
334 , 67.35 , -0.55 , 55
335 , 67.10 , -0.57 , 55
337 , 67.10 , -0.64 , 55
338 , 66.08 , -0.60 , 55
339 , 66.84 , -0.55 , 55
341 , 66.59 , -0.56 , 55
342 , 66.84 , -0.57 , 55
343 , 67.10 , -0.50 , 55
344 , 66.84 , -0.60 , 55
346 , 66.84 , -0.60 , 55
347 , 66.33 , -0.64 , 55
348 , 66.08 , -0.43 , 55
350 , 66.08 , -0.61 , 55
351 , 66.59 , -0.54 , 55
352 , 66.33 , -0.48 , 55
354 , 65.82 , -0.58 , 55
355 , 66.59 , -0.66 , 55
356 , 66.84 , -0.61 , 55
358 , 66.59 , -0.54 , 55
359 , 67.10 , -0.62 , 55
360 , 66.84 , -0.53 , 55
362 , 66.33 , -0.53 , 55
363 , 66.59 , -0.58 , 55
364 , 67.10 , -0.63 , 55
366 , 67.10 , -0.56 , 55
367 , 66.59 , -0.49 , 55
368 , 66.59 , -0.55 , 55
369 , 66.84 , -0.57 , 55
371 , 67.10 , -0.50 , 55
372 , 66.59 , -0.59 , 55
373 , 66.59 , -0.57 , 55
375 , 66.84 , -0.49 , 55
376 , 66.59 , -0.54 , 55
377 , 66.33 , -0.65 , 55
379 , 66.33 , -0.60 , 55
380 , 66.59 , -0.53 , 55
381 , 66.84 , -0.55 , 55
383 , 66.84 , -0.53 , 55
384 , 66.84 , -0.61 , 55
385 , 65.82 , -0.51 , 55
387 , 66.33 , -0.59 , 55
388 , 66.08 , -0.54 , 55
389 , 66.59 , -0.57 , 55
391 , 66.33 , -0.60 , 55
392 , 66.84 , -0.61 , 55
393 , 66.59 , -0.62 , 55
394 , 66.84 , -0.46 , 55
396 , 66.84 , -0.56 , 55
397 , 66.59 , -0.63 , 55
398 , 66.84 , -0.55 , 55
400 , 66.84 , -0.62 , 55
401 , 66.59 , -0.61 , 55
402 , 66.33 , -0.55 , 55
404 , 66.33 , -0.52 , 55
405 , 66.33 , -0.59 , 55
406 , 66.33 , -0.67 , 55
408 , 66.33 , -0.57 , 55
409 , 66.08 , -0.56 , 55
410 , 65.57 , -0.51 , 55
412 , 65.82 , -0.59 , 55
413 , 66.33 , -0.44 , 55
414 , 66.59 , -0.56 , 55
416 , 66.59 , -0.56 , 55
417 , 66.59 , -0.54 , 55
418 , 66.08 , -0.57 , 55
419 , 66.33 , -0.63 , 55
421 , 67.10 , -0.61 , 55
422 , 66.84 , -0.56 , 55
423 , 66.59 , -0.57 , 55
425 , 66.59 , -0.59 , 55
426 , 66.33 , -0.53 , 55
427 , 66.33 , -0.57 , 55
429 , 66.59 , -0.61 , 55
430 , 66.33 , -0.61 , 55
431 , 66.59 , -0.54 , 55
433 , 66.59 , -0.57 , 55
434 , 66.59 , -0.61 , 55
435 , 67.10 , -0.57 , 55
437 , 66.59 , -0.48 , 55
438 , 66.59 , -0.55 , 55
439 , 66.59 , -0.57 , 55
441 , 66.08 , -0.60 , 55
442 , 66.33 , -0.60 , 55
443 , 66.08 , -0.70 , 55
444 , 66.59 , -0.61 , 55
446 , 66.59 , -0.55 , 55
447 , 66.08 , -0.53 , 55
448 , 66.08 , -0.59 , 55
450 , 65.82 , -0.55 , 55
451 , 66.08 , -0.57 , 55
452 , 65.31 , -0.57 , 55
454 , 65.57 , -0.54 , 55
455 , 66.08 , -0.44 , 55
456 , 66.08 , -0.60 , 55
458 , 66.08 , -0.54 , 55
459 , 65.82 , -0.51 , 55
460 , 65.82 , -0.59 , 55
462 , 66.33 , -0.67 , 55
463 , 65.57 , -0.55 , 55
464 , 66.33 , -0.57 , 55
465 , 65.82 , -0.57 , 55
467 , 66.33 , -0.55 , 55
468 , 66.08 , -0.56 , 55
469 , 66.59 , -0.57 , 55
471 , 66.59 , -0.63 , 55
472 , 65.82 , -0.50 , 55
473 , 66.33 , -0.50 , 55
475 , 66.84 , -0.61 , 55
476 , 66.33 , -0.59 , 55
477 , 66.59 , -0.58 , 55
479 , 66.33 , -0.65 , 55
480 , 66.08 , -0.56 , 55
481 , 66.84 , -0.57 , 55
483 , 66.84 , -0.58 , 55
484 , 66.59 , -0.61 , 55
485 , 65.82 , -0.53 , 55
487 , 66.84 , -0.65 , 55
488 , 66.08 , -0.65 , 55
489 , 66.59 , -0.67 , 55
490 , 66.84 , -0.60 , 55
492 , 66.08 , -0.60 , 55
493 , 66.59 , -0.62 , 55
494 , 66.59 , -0.55 , 55
496 , 66.33 , -0.53 , 55
497 , 66.08 , -0.56 , 55
498 , 65.82 , -0.53 , 55
500 , 66.59 , -0.61 , 55
501 , 66.33 , -0.61 , 55
502 , 66.08 , -0.59 , 55
504 , 66.84 , -0.66 , 55
505 , 66.33 , -0.57 , 55
506 , 65.82 , -0.58 , 55
508 , 65.82 , -0.58 , 55
509 , 65.82 , -0.56 , 55
510 , 65.82 , -0.65 , 55
512 , 66.08 , -0.61 , 55
513 , 66.08 , -0.61 , 55
514 , 66.08 , -0.51 , 55
515 , 65.82 , -0.58 , 55
517 , 66.33 , -0.56 , 55
518 , 65.82 , -0.60 , 55
519 , 66.08 , -0.51 , 55
521 , 66.08 , -0.58 , 55
522 , 65.57 , -0.57 , 55
523 , 66.08 , -0.61 , 55
525 , 66.08 , -0.65 , 55
526 , 65.31 , -0.61 , 55
527 , 65.82 , -0.56 , 55
529 , 66.08 , -0.54 , 55
530 , 66.08 , -0.60 , 55
531 , 65.82 , -0.57 , 55
533 , 65.57 , -0.55 , 55
534 , 65.57 , -0.57 , 55
535 , 65.82 , -0.59 , 55
537 , 65.57 , -0.62 , 55
538 , 66.08 , -0.55 , 55
539 , 65.82 , -0.59 , 55
540 , 65.57 , -0.59 , 55
542 , 65.82 , -0.53 , 55
543 , 65.82 , -0.55 , 55
544 , 65.57 , -0.65 , 55
546 , 65.57 , -0.56 , 55
547 , 65.57 , -0.55 , 55
548 , 65.31 , -0.60 , 55
550 , 65.57 , -0.57 , 55
551 , 65.31 , -0.50 , 55
552 , 64.80 , -0.55 , 55
554 , 65.06 , -0.80 , 55
555 , 65.57 , -0.54 , 55
556 , 65.31 , -0.58 , 55
558 , 65.31 , -0.54 , 55
559 , 65.82 , -0.67 , 55
560 , 66.08 , -0.55 , 55
562 , 66.08 , -0.51 , 55
563 , 66.08 , -0.59 , 55
564 , 65.31 , -0.56 , 55
565 , 65.31 , -0.50 , 55
567 , 65.57 , -0.63 , 55
568 , 65.31 , -0.64 , 55
569 , 65.82 , -0.57 , 55
571 , 65.31 , -0.54 , 55
572 , 65.57 , -0.56 , 55
573 , 65.82 , -0.56 , 55
575 , 65.57 , -0.54 , 55
576 , 65.82 , -0.64 , 55
577 , 65.82 , -0.67 , 55
579 , 65.57 , -0.57 , 55
580 , 66.33 , -0.47 , 55
581 , 65.82 , -0.58 , 55
583 , 66.33 , -0.57 , 55
584 , 66.08 , -0.53 , 55
585 , 66.08 , -0.68 , 55
587 , 64.80 , -0.55 , 55
588 , 65.31 , -0.65 , 55
589 , 65.82 , -0.53 , 55
590 , 65.82 , -0.61 , 55
592 , 66.33 , -0.58 , 55
593 , 65.57 , -0.52 , 55
594 , 65.82 , -0.52 , 55
596 , 65.57 , -0.59 , 55
597 , 65.57 , -0.60 , 55
598 , 65.31 , -0.51 , 55
600 , 65.57 , -0.53 , 55
601 , 65.82 , -0.59 , 55
602 , 65.57 , -0.50 , 55
604 , 64.80 , -0.56 , 55
605 , 65.06 , -0.87 , 55
606 , 65.57 , -0.64 , 55
608 , 65.57 , -0.64 , 55
609 , 66.08 , -0.53 , 55
610 , 65.57 , -0.55 , 55
612 , 65.82 , -0.50 , 55
613 , 65.82 , -0.56 , 55
614 , 66.08 , -0.61 , 55
615 , 65.57 , -0.58 , 55
617 , 66.33 , -0.57 , 55
618 , 65.31 , -0.53 , 55
619 , 65.31 , -0.57 , 55
621 , 65.57 , -0.60 , 55
622 , 64.55 , -0.54 , 55
623 , 65.31 , -0.85 , 55
625 , 65.31 , -0.63 , 55
626 , 66.08 , -0.47 , 55
627 , 66.08 , -0.56 , 55
629 , 65.57 , -0.68 , 55
630 , 66.59 , -0.55 , 55
631 , 65.82 , -0.57 , 55
633 , 66.08 , -0.65 , 55
634 , 66.08 , -0.55 , 55
635 , 65.82 , -0.54 , 55
637 , 65.82 , -0.56 , 55
638 , 65.82 , -0.60 , 55
639 , 66.08 , -0.55 , 55
640 , 65.57 , -0.51 , 55
642 , 65.57 , -0.54 , 55
643 , 65.31 , -0.64 , 55
644 , 65.82 , -0.56 , 55
646 , 65.82 , -0.55 , 55
647 , 65.57 , -0.57 , 55
648 , 65.57 , -0.50 , 55
650 , 65.31 , -0.55 , 55
651 , 64.80 , -0.65 , 55
652 , 65.57 , -0.78 , 55
654 , 65.31 , -0.48 , 55
655 , 64.80 , -0.56 , 55
656 , 65.06 , -0.84 , 55
658 , 66.08 , -0.62 , 55
659 , 65.57 , -0.57 , 55
660 , 66.08 , -0.62 , 55
662 , 65.82 , -0.53 , 55
663 , 65.82 , -0.52 , 55
664 , 65.82 , -0.56 , 55
665 , 65.31 , -0.68 , 55
667 , 64.80 , -0.51 , 55
668 , 65.31 , -0.58 , 55
669 , 65.82 , -0.60 , 55
671 , 65.82 , -0.62 , 55
672 , 66.08 , -0.49 , 55
673 , 64.80 , -0.57 , 55
675 , 65.31 , -0.72 , 55
676 , 66.08 , -0.58 , 55
677 , 66.08 , -0.52 , 55
679 , 65.82 , -0.59 , 55
680 , 65.82 , -0.58 , 55
681 , 65.57 , -0.59 , 55
683 , 65.31 , -0.57 , 55
684 , 65.82 , -0.65 , 55
685 , 65.82 , -0.50 , 55
687 , 66.08 , -0.53 , 55
688 , 65.57 , -0.58 , 55
689 , 65.57 , -0.63 , 55
690 , 65.82 , -0.54 , 55
692 , 66.08 , -0.65 , 55
693 , 65.57 , -0.67 , 55
694 , 65.06 , -0.49 , 55
696 , 65.57 , -0.61 , 55
697 , 65.31 , -0.56 , 55
698 , 65.06 , -0.55 , 55
700 , 65.06 , -0.53 , 55
701 , 65.31 , -0.57 , 55
702 , 65.31 , -0.63 , 55
704 , 65.06 , -0.50 , 55
705 , 65.31 , -0.61 , 55
706 , 65.31 , -0.61 , 55
708 , 65.06 , -0.58 , 55
709 , 64.80 , -0.42 , 55
710 , 65.06 , -0.74 , 55
712 , 65.57 , -0.68 , 55
713 , 65.31 , -0.53 , 55
714 , 64.80 , -0.61 , 55
715 , 65.06 , -0.86 , 55
717 , 65.57 , -0.58 , 55
718 , 65.31 , -0.58 , 55
719 , 65.31 , -0.62 , 55
721 , 65.31 , -0.54 , 55
722 , 64.80 , -0.53 , 55
723 , 65.06 , -0.71 , 55
725 , 65.82 , -0.63 , 55
726 , 65.31 , -0.56 , 55
727 , 65.06 , -0.58 , 55
729 , 64.80 , -0.64 , 55
730 , 64.55 , -0.74 , 55
731 , 65.57 , -0.75 , 55
733 , 65.31 , -0.45 , 55
734 , 65.31 , -0.59 , 55
735 , 65.57 , -0.56 , 55
736 , 65.31 , -0.50 , 55
738 , 65.31 , -0.56 , 55
739 , 65.31 , -0.58 , 55
740 , 64.55 , -0.49 , 55
742 , 65.06 , -0.78 , 55
743 , 65.82 , -0.55 , 55
744 , 65.57 , -0.56 , 55
746 , 65.06 , -0.46 , 55
747 , 65.31 , -0.61 , 55
748 , 64.55 , -0.66 , 55
750 , 65.06 , -0.73 , 55
751 , 65.82 , -0.56 , 55
752 , 65.57 , -0.64 , 55
754 , 65.57 , -0.58 , 55
755 , 65.57 , -0.57 , 55
756 , 65.82 , -0.62 , 55
758 , 65.82 , -0.52 , 55
759 , 65.82 , -0.54 , 55
760 , 65.57 , -0.60 , 55
761 , 65.82 , -0.61 , 55
763 , 65.57 , -0.59 , 55
764 , 65.06 , -0.51 , 55
765 , 65.57 , -0.56 , 55
767 , 65.06 , -0.49 , 55
768 , 64.55 , -0.46 , 55
769 , 64.80 , -0.68 , 55
771 , 65.57 , -0.76 , 55
772 , 65.82 , -0.60 , 55
773 , 65.57 , -0.52 , 55
775 , 65.06 , -0.55 , 55
776 , 65.57 , -0.59 , 55
777 , 65.31 , -0.56 , 55
779 , 65.57 , -0.56 , 55
780 , 64.80 , -0.62 , 55
781 , 65.31 , -0.76 , 55
783 , 66.33 , -0.50 , 55
784 , 65.31 , -0.63 , 55
785 , 65.57 , -0.66 , 55
786 , 66.08 , -0.59 , 55
788 , 65.57 , -0.53 , 55
789 , 65.57 , -0.61 , 55
790 , 65.82 , -0.54 , 55
792 , 65.57 , -0.53 , 55
793 , 65.31 , -0.53 , 55
794 , 65.57 , -0.63 , 55
796 , 65.31 , -0.52 , 55
797 , 64.80 , -0.50 , 55
798 , 64.80 , -0.72 , 55
800 , 65.82 , -0.78 , 55
801 , 66.08 , -0.49 , 55
802 , 65.82 , -0.53 , 55
804 , 65.57 , -0.58 , 55
805 , 65.57 , -0.57 , 55
806 , 65.57 , -0.55 , 55
808 , 65.57 , -0.56 , 55
809 , 65.06 , -0.58 , 55
810 , 65.57 , -0.49 , 55
811 , 65.57 , -0.58 , 55
813 , 65.31 , -0.62 , 55
814 , 65.06 , -0.58 , 55
815 , 65.31 , -0.62 , 55
817 , 65.31 , -0.58 , 55
818 , 64.55 , -0.53 , 55
819 , 64.80 , -0.65 , 55
821 , 65.31 , -0.75 , 55
822 , 66.08 , -0.58 , 55
823 , 65.31 , -0.51 , 55
825 , 65.06 , -0.60 , 55
826 , 64.55 , -0.58 , 55
827 , 65.31 , -0.74 , 55
829 , 65.82 , -0.50 , 55
830 , 65.82 , -0.56 , 55
831 , 65.57 , -0.64 , 55
833 , 65.57 , -0.56 , 55
834 , 65.57 , -0.59 , 55
835 , 65.31 , -0.62 , 55
836 , 65.06 , -0.55 , 55
838 , 65.82 , -0.51 , 55
839 , 64.80 , -0.57 , 55
840 , 65.06 , -0.75 , 55
842 , 65.57 , -0.51 , 55
843 , 65.31 , -0.59 , 55
844 , 65.57 , -0.58 , 55
846 , 65.82 , -0.51 , 55
847 , 65.57 , -0.54 , 55
848 , 65.57 , -0.56 , 55
850 , 65.31 , -0.52 , 55
851 , 65.82 , -0.54 , 55
852 , 64.80 , -0.58 , 55
854 , 65.31 , -0.79 , 55
855 , 65.82 , -0.56 , 55
856 , 64.29 , -0.46 , 55
858 , 65.06 , -0.76 , 55
859 , 65.82 , -0.55 , 55
860 , 65.31 , -0.44 , 55
861 , 65.06 , -0.63 , 55
863 , 64.80 , -0.65 , 55
864 , 64.80 , -0.72 , 55
865 , 65.57 , -0.69 , 55
867 , 65.31 , -0.53 , 55
868 , 65.57 , -0.54 , 55
869 , 64.80 , -0.52 , 55
871 , 65.06 , -0.82 , 55
872 , 66.08 , -0.61 , 55
873 , 65.06 , -0.55 , 55
875 , 65.31 , -0.53 , 55
876 , 65.06 , -0.58 , 55
877 , 64.80 , -0.54 , 55
879 , 65.06 , -0.59 , 55
880 , 65.57 , -0.63 , 55
881 , 65.31 , -0.62 , 55
883 , 65.06 , -0.62 , 55
884 , 65.57 , -0.54 , 55
885 , 65.06 , -0.58 , 55
886 , 65.31 , -0.57 , 55
888 , 64.80 , -0.43 , 55
889 , 65.06 , -0.72 , 55
890 , 65.57 , -0.62 , 55
892 , 65.57 , -0.58 , 55
893 , 65.57 , -0.62 , 55
894 , 65.31 , -0.60 , 55
896 , 65.31 , -0.63 , 55
897 , 64.80 , -0.55 , 55
898 , 64.80 , -0.75 , 55
900 , 65.31 , -0.70 , 55
901 , 65.82 , -0.52 , 55
902 , 65.31 , -0.62 , 55
904 , 65.31 , -0.60 , 55
905 , 65.06 , -0.53 , 55
906 , 64.80 , -0.53 , 55
908 , 65.31 , -0.79 , 55
909 , 65.82 , -0.66 , 55
910 , 65.06 , -0.58 , 55
911 , 65.31 , -0.57 , 55
913 , 65.06 , -0.58 , 55
914 , 65.57 , -0.59 , 55
915 , 65.31 , -0.52 , 55
917 , 65.06 , -0.57 , 55
918 , 64.80 , -0.60 , 55
919 , 65.06 , -0.74 , 55
921 , 65.82 , -0.49 , 55
922 , 65.31 , -0.60 , 55
923 , 65.06 , -0.63 , 55
925 , 64.55 , -0.56 , 55
926 , 64.55 , -0.73 , 55
927 , 65.57 , -0.76 , 55
929 , 65.57 , -0.57 , 55
930 , 64.80 , -0.50 , 55
931 , 65.57 , -0.77 , 55
933 , 65.82 , -0.56 , 55
934 , 65.57 , -0.56 , 55
935 , 65.06 , -0.54 , 55
936 , 65.31 , -0.62 , 55
938 , 65.57 , -0.59 , 55
939 , 65.06 , -0.51 , 55
940 , 64.55 , -0.54 , 55
942 , 65.06 , -0.74 , 55
943 , 65.31 , -0.50 , 55
944 , 65.06 , -0.61 , 55
946 , 65.06 , -0.61 , 55
947 , 65.57 , -0.53 , 55
948 , 65.06 , -0.47 , 55
950 , 65.06 , -0.57 , 55
951 , 65.06 , -0.55 , 55
952 , 64.80 , -0.50 , 55
954 , 64.55 , -0.73 , 55
955 , 65.57 , -0.70 , 55
956 , 65.57 , -0.56 , 55
958 , 65.31 , -0.44 , 55
959 , 65.82 , -0.61 , 55
960 , 65.31 , -0.66 , 55
961 , 65.31 , -0.52 , 55
963 , 64.55 , -0.56 , 55
964 , 64.04 , -0.73 , 55
965 , 64.55 , -0.69 , 55
967 , 64.55 , -0.73 , 55
968 , 65.06 , -0.79 , 55
969 , 65.31 , -0.57 , 55
971 , 65.06 , -0.56 , 55
972 , 64.80 , -0.62 , 55
973 , 65.06 , -0.81 , 55
975 , 65.31 , -0.58 , 55
976 , 65.31 , -0.49 , 55
977 , 64.80 , -0.55 , 55
979 , 65.06 , -0.79 , 55
980 , 65.57 , -0.50 , 55
981 , 64.80 , -0.58 , 55
982 , 65.06 , -0.80 , 55
984 , 65.31 , -0.51 , 55
985 , 65.06 , -0.58 , 55
986 , 64.80 , -0.56 , 55
988 , 64.80 , -0.69 , 55
989 , 65.06 , -0.69 , 55
990 , 65.57 , -0.64 , 55
992 , 65.31 , -0.53 , 55
993 , 65.06 , -0.58 , 55
994 , 65.06 , -0.54 , 55
996 , 64.80 , -0.60 , 55
997 , 65.06 , -0.73 , 55
998 , 64.80 , -0.44 , 55
1000 , 64.80 , -0.78 , 55
1001 , 65.57 , -0.78 , 55
1002 , 65.82 , -0.55 , 55
1004 , 65.57 , -0.50 , 55
1005 , 65.31 , -0.53 , 55
1006 , 64.29 , -0.58 , 55
1007 , 65.31 , -0.76 , 55
1009 , 65.31 , -0.60 , 55
1010 , 65.31 , -0.63 , 55
1011 , 65.31 , -0.54 , 55
1013 , 65.06 , -0.58 , 55
1014 , 65.31 , -0.48 , 55
1015 , 64.80 , -0.54 , 55
1017 , 64.55 , -0.66 , 55
1018 , 65.57 , -0.78 , 55
1019 , 65.31 , -0.50 , 55
1021 , 65.06 , -0.64 , 55
1022 , 65.06 , -0.54 , 55
1023 , 65.57 , -0.61 , 55
1025 , 65.06 , -0.51 , 55
1026 , 65.57 , -0.53 , 55
1027 , 65.57 , -0.57 , 55
1029 , 65.31 , -0.62 , 55
1030 , 65.06 , -0.54 , 55
1031 , 64.55 , -0.60 , 55
1032 , 65.31 , -0.78 , 55
1034 , 65.31 , -0.68 , 55
1035 , 65.06 , -0.56 , 55
1036 , 64.80 , -0.52 , 55
1038 , 64.29 , -0.79 , 55
1039 , 65.06 , -0.71 , 55
1040 , 65.06 , -0.50 , 55
1042 , 65.06 , -0.55 , 55
1043 , 64.55 , -0.62 , 55
1044 , 65.31 , -0.79 , 55
1046 , 64.80 , -0.56 , 55
1047 , 65.31 , -0.58 , 55
1048 , 65.06 , -0.56 , 55
1050 , 65.06 , -0.61 , 55
1051 , 64.55 , -0.52 , 55
1052 , 64.29 , -0.62 , 55
1054 , 65.06 , -0.80 , 55
1055 , 65.31 , -0.55 , 55
1056 , 64.80 , -0.62 , 55
1057 , 64.55 , -0.71 , 55
1059 , 65.31 , -0.69 , 55
1060 , 65.57 , -0.61 , 55
1061 , 64.80 , -0.56 , 55
1063 , 64.29 , -0.70 , 55
1064 , 64.80 , -0.78 , 55
1065 , 65.06 , -0.78 , 55
1067 , 65.31 , -0.69 , 55
1068 , 64.29 , -0.53 , 55
1069 , 64.29 , -0.73 , 55
1071 , 65.31 , -0.72 , 55
1072 , 65.31 , -0.62 , 55
1073 , 64.55 , -0.53 , 55
1075 , 64.80 , -0.69 , 55
1076 , 65.31 , -0.83 , 55
1077 , 65.57 , -0.60 , 55
1079 , 65.31 , -0.64 , 55
1080 , 65.06 , -0.53 , 55
1081 , 64.80 , -0.59 , 55
1082 , 64.80 , -0.79 , 55
1084 , 65.06 , -0.55 , 55
1085 , 65.57 , -0.58 , 55
1086 , 64.80 , -0.55 , 55
1088 , 64.80 , -0.86 , 55
1089 , 65.57 , -0.76 , 55
1090 , 65.31 , -0.53 , 55
1092 , 65.31 , -0.56 , 55
1093 , 65.57 , -0.60 , 55
1094 , 64.80 , -0.56 , 55
1096 , 65.31 , -0.72 , 55
1097 , 65.82 , -0.52 , 55
1098 , 65.82 , -0.63 , 55
1100 , 65.31 , -0.61 , 55
1101 , 65.06 , -0.60 , 55
1102 , 64.80 , -0.53 , 55
1104 , 64.80 , -0.71 , 55
1105 , 65.31 , -0.80 , 55
1106 , 65.31 , -0.54 , 55
1107 , 65.31 , -0.60 , 55
1109 , 64.55 , -0.62 , 55
1110 , 64.29 , -0.82 , 55
1111 , 64.80 , -0.71 , 55
1113 , 65.31 , -0.67 , 55
1114 , 65.82 , -0.61 , 55
1115 , 65.06 , -0.58 , 55
1117 , 65.57 , -0.48 , 55
1118 , 64.80 , -0.62 , 55
1119 , 65.06 , -0.77 , 55
1121 , 64.55 , -0.58 , 55
1122 , 64.29 , -0.82 , 55
1123 , 64.80 , -0.70 , 55
1125 , 65.31 , -0.77 , 55
1126 , 65.57 , -0.59 , 55
1127 , 65.57 , -0.50 , 55
1129 , 65.06 , -0.57 , 55
1130 , 65.31 , -0.55 , 55
1131 , 65.31 , -0.61 , 55
1132 , 65.31 , -0.58 , 55
1134 , 65.57 , -0.57 , 55
1135 , 64.80 , -0.48 , 55
1136 , 64.29 , -0.83 , 55
1138 , 65.06 , -0.68 , 55
1139 , 65.82 , -0.54 , 55
1140 , 65.06 , -0.55 , 55
1142 , 64.80 , -0.58 , 55
1143 , 64.55 , -0.74 , 55
1144 , 65.31 , -0.73 , 55
1146 , 65.57 , -0.51 , 55
1147 , 65.31 , -0.59 , 55
1148 , 65.31 , -0.57 , 55
1150 , 65.06 , -0.56 , 55
1151 , 65.06 , -0.51 , 55
1152 , 64.80 , -0.61 , 55
1154 , 64.55 , -0.78 , 55
1155 , 65.31 , -0.70 , 55
1156 , 65.82 , -0.56 , 55
1157 , 65.31 , -0.55 , 55
1159 , 64.80 , -0.70 , 55
1160 , 65.06 , -0.71 , 55
1161 , 65.06 , -0.45 , 55
1163 , 65.31 , -0.61 , 55
1164 , 64.80 , -0.61 , 55
1165 , 64.55 , -0.82 , 55
1167 , 64.80 , -0.63 , 55
1168 , 65.31 , -0.74 , 55
1169 , 65.31 , -0.59 , 55
1171 , 64.80 , -0.65 , 55
1172 , 64.80 , -0.70 , 55
1173 , 65.06 , -0.71 , 55
1175 , 65.06 , -0.65 , 55
1176 , 64.80 , -0.57 , 55
1177 , 64.55 , -0.79 , 55
1179 , 65.06 , -0.75 , 55
1180 , 64.80 , -0.63 , 55
1181 , 64.55 , -0.83 , 55
1182 , 64.80 , -0.72 , 55
1184 , 64.80 , -0.71 , 55
1185 , 65.31 , -0.82 , 55
1186 , 65.31 , -0.65 , 55
1188 , 65.31 , -0.60 , 55
1189 , 65.06 , -0.51 , 55
1190 , 64.80 , -0.66 , 55
1192 , 64.80 , -0.75 , 55
1193 , 65.06 , -0.80 , 55
1194 , 65.31 , -0.53 , 55
1196 , 65.06 , -0.62 , 55
1197 , 65.06 , -0.62 , 55
1198 , 64.80 , -0.60 , 55
1200 , 64.29 , -0.63 , 55
1201 , 64.55 , -0.71 , 55
1202 , 65.06 , -0.74 , 55
1204 , 64.80 , -0.55 , 55
1205 , 64.29 , -0.72 , 55
1206 , 64.55 , -0.72 , 55
1207 , 65.06 , -0.81 , 55
1209 , 64.80 , -0.56 , 55
1210 , 65.06 , -0.79 , 55
1211 , 65.06 , -0.48 , 55
1213 , 64.29 , -0.64 , 55
1214 , 64.55 , -0.72 , 55
1215 , 64.80 , -0.75 , 55
1217 , 65.06 , -0.68 , 55
1218 , 65.57 , -0.59 , 55
1219 , 64.55 , -0.65 , 55
1221 , 65.06 , -0.76 , 55
1222 , 65.31 , -0.51 , 55
1223 , 64.80 , -0.60 , 55
1225 , 64.55 , -0.77 , 55
1226 , 64.55 , -0.80 , 55
1227 , 65.31 , -0.68 , 55
1229 , 65.31 , -0.63 , 55
1230 , 64.80 , -0.56 , 55
1231 , 64.80 , -0.78 , 55
1232 , 65.31 , -0.67 , 55
1234 , 65.06 , -0.55 , 55
1235 , 65.06 , -0.54 , 55
1236 , 65.06 , -0.59 , 55
1238 , 64.80 , -0.51 , 55
1239 , 64.80 , -0.70 , 55
1240 , 65.31 , -0.79 , 55
1242 , 65.31 , -0.64 , 55
1243 , 64.80 , -0.55 , 55
1244 , 64.55 , -0.66 , 55
1246 , 64.80 , -0.74 , 55
1247 , 64.80 , -0.78 , 55
1248 , 65.57 , -0.73 , 55
1250 , 65.31 , -0.61 , 55
1251 , 65.06 , -0.57 , 55
1252 , 65.31 , -0.62 , 55
1253 , 64.55 , -0.54 , 55
1255 , 64.55 , -0.69 , 55
1256 , 65.57 , -0.71 , 55
1257 , 65.31 , -0.56 , 55
1259 , 64.29 , -0.56 , 55
1260 , 64.80 , -0.73 , 55
1261 , 65.06 , -0.81 , 55
1263 , 64.80 , -0.64 , 55
1264 , 64.04 , -0.82 , 55
1265 , 65.06 , -0.58 , 55
1267 , 65.31 , -0.49 , 55
1268 , 65.31 , -0.65 , 55
1269 , 64.29 , -0.56 , 55
1271 , 64.29 , -0.69 , 55
1272 , 64.80 , -0.74 , 55
1273 , 65.57 , -0.83 , 55
1275 , 65.06 , -0.56 , 55
1276 , 64.04 , -0.58 , 55
1277 , 64.80 , -0.77 , 55
1278 , 65.06 , -0.69 , 55
1280 , 64.55 , -0.64 , 55
1281 , 65.06 , -0.66 , 55
1282 , 65.31 , -0.53 , 55
1284 , 64.55 , -0.61 , 55
1285 , 64.55 , -0.77 , 55
1286 , 65.06 , -0.73 , 55
1288 , 65.57 , -0.50 , 55
1289 , 64.55 , -0.64 , 55
1290 , 64.80 , -0.79 , 55
1292 , 64.80 , -0.68 , 55
1293 , 65.57 , -0.78 , 55
1294 , 65.31 , -0.57 , 55
1296 , 65.06 , -0.62 , 55
1297 , 65.06 , -0.59 , 55
1298 , 64.04 , -0.56 , 55
1300 , 64.04 , -0.82 , 55
1301 , 64.55 , -0.70 , 55
1302 , 65.06 , -0.75 , 55
1303 , 64.55 , -0.57 , 55
1305 , 64.04 , -0.79 , 55
1306 , 63.78 , -0.77 , 55
1307 , 64.55 , -0.68 , 55
1309 , 64.29 , -0.71 , 55
1310 , 65.06 , -0.80 , 55
1311 , 64.80 , -0.57 , 55
1313 , 64.29 , -0.72 , 55
1314 , 64.55 , -0.75 , 55
1315 , 64.80 , -0.82 , 55
1317 , 65.31 , -0.77 , 55
1318 , 65.06 , -0.57 , 55
1319 , 64.80 , -0.57 , 55
1321 , 64.29 , -0.74 , 55
1322 , 64.55 , -0.77 , 55
1323 , 64.55 , -0.80 , 55
1325 , 64.29 , -0.67 , 55
1326 , 64.55 , -0.80 , 55
1327 , 65.06 , -0.75 , 55
1328 , 65.06 , -0.53 , 55
1330 , 64.55 , -0.54 , 55
1331 , 64.55 , -0.75 , 55
1332 , 64.29 , -0.78 , 55
1334 , 64.29 , -0.65 , 55
1335 , 65.06 , -0.72 , 55
1336 , 64.80 , -0.50 , 55
1338 , 64.29 , -0.75 , 55
1339 , 64.55 , -0.77 , 55
1340 , 64.55 , -0.65 , 55
1342 , 64.29 , -0.74 , 55
1343 , 64.80 , -0.74 , 55
1344 , 64.55 , -0.77 , 55
1346 , 65.06 , -0.66 , 55
1347 , 64.80 , -0.58 , 55
1348 , 64.55 , -0.76 , 55
1350 , 64.80 , -0.81 , 55
1351 , 65.06 , -0.74 , 55
1352 , 65.06 , -0.54 , 55
1353 , 64.55 , -0.55 , 55
1355 , 64.04 , -0.78 , 55
1356 , 64.80 , -0.74 , 55
1357 , 64.80 , -0.73 , 55
1359 , 64.80 , -0.79 , 55
1360 , 64.29 , -0.72 , 55
1361 , 65.06 , -0.77 , 55
1363 , 65.06 , -0.49 , 55
1364 , 64.55 , -0.57 , 55
1365 , 63.78 , -0.82 , 55
1367 , 65.06 , -0.72 , 55
1368 , 64.80 , -0.47 , 55
1369 , 64.04 , -0.69 , 55
1371 , 64.55 , -0.82 , 55
1372 , 64.55 , -0.74 , 55
1373 , 65.06 , -0.63 , 55
1375 , 65.06 , -0.60 , 55
1376 , 64.29 , -0.61 , 55
1377 , 64.55 , -0.78 , 55
1378 , 65.06 , -0.61 , 55
1380 , 65.06 , -0.58 , 55
1381 , 64.04 , -0.58 , 55
1382 , 63.53 , -0.78 , 55
1384 , 64.55 , -0.75 , 55
1385 , 64.29 , -0.66 , 55
1386 , 64.55 , -0.71 , 55
1388 , 64.80 , -0.76 , 55
1389 , 64.55 , -0.74 , 55
1390 , 64.80 , -0.67 , 55
1392 , 65.06 , -0.75 , 55
1393 , 64.29 , -0.64 , 55
1394 , 64.55 , -0.83 , 55
1396 , 64.80 , -0.71 , 55
1397 , 64.55 , -0.72 , 55
1398 , 65.06 , -0.73 , 55
1400 , 65.06 , -0.56 , 55
1401 , 64.55 , -0.53 , 55
1402 , 64.55 , -0.76 , 55
1403 , 64.80 , -0.78 , 55
1405 , 65.06 , -0.72 , 55
1406 , 64.80 , -0.56 , 55
1407 , 64.55 , -0.74 , 55
1409 , 64.80 , -0.71 , 55
1410 , 64.80 , -0.80 , 55
1411 , 64.80 , -0.68 , 55
1413 , 64.80 , -0.74 , 55
1414 , 64.80 , -0.68 , 55
1415 , 64.04 , -0.78 , 55
1417 , 64.80 , -0.66 , 55
1418 , 65.06 , -0.71 , 55
1419 , 64.55 , -0.51 , 55
1421 , 64.29 , -0.74 , 55
1422 , 64.80 , -0.76 , 55
1423 , 64.29 , -0.65 , 55
1425 , 64.29 , -0.70 , 55
1426 , 64.55 , -0.88 , 55
1427 , 64.80 , -0.69 , 55
1428 , 64.29 , -0.68 , 55
1430 , 65.06 , -0.71 , 55
1431 , 64.80 , -0.67 , 55
1432 , 64.29 , -0.76 , 55
1434 , 64.80 , -0.71 , 55
1435 , 64.80 , -0.76 , 55
1436 , 64.29 , -0.75 , 55
1438 , 64.80 , -0.83 , 55
1439 , 64.55 , -0.70 , 55
1440 , 64.80 , -0.75 , 55
1442 , 65.06 , -0.83 , 55
1443 , 64.55 , -0.52 , 55
1444 , 64.29 , -0.74 , 55
1446 , 64.80 , -0.67 , 55
1447 , 64.55 , -0.83 , 55
1448 , 65.06 , -0.79 , 55
1450 , 64.55 , -0.52 , 55
1451 , 64.04 , -0.72 , 55
1452 , 64.80 , -0.70 , 55
1453 , 64.55 , -0.77 , 55
1455 , 64.55 , -0.73 , 55
1456 , 64.80 , -0.74 , 55
1457 , 64.80 , -0.79 , 55
1459 , 65.06 , -0.74 , 55
1460 , 64.80 , -0.59 , 55
1461 , 64.29 , -0.67 , 55
1463 , 64.80 , -0.78 , 55
1464 , 64.80 , -0.81 , 55
1465 , 64.80 , -0.75 , 55
1467 , 64.55 , -0.72 , 55
1468 , 64.29 , -0.75 , 55
1469 , 64.55 , -0.78 , 55
1471 , 64.80 , -0.71 , 55
1472 , 64.55 , -0.72 , 55
1473 , 64.29 , -0.62 , 55
1475 , 64.29 , -0.74 , 55
1476 , 64.55 , -0.84 , 55
1477 , 64.80 , -0.75 , 55
1478 , 65.06 , -0.67 , 55
1480 , 65.06 , -0.63 , 55
1481 , 64.04 , -0.60 , 55
1482 , 63.27 , -0.77 , 55
1484 , 63.27 , -0.72 , 55
1485 , 63.78 , -0.72 , 55
1486 , 63.78 , -0.83 , 55
1488 , 63.78 , -0.75 , 55
1489 , 64.04 , -0.71 , 55
1490 , 64.04 , -0.81 , 55
1492 , 63.78 , -0.76 , 55
1493 , -8.43 , -0.78 , 55
1494 , 64.29 , -0.69 , 55
1496 , 64.29 , -0.65 , 55
1497 , 64.55 , -0.79 , 55
1498 , 64.04 , -0.71 , 55
1500 , 64.29 , -0.74 , 55
1501 , 64.04 , -0.75 , 55
1502 , 64.04 , -0.71 , 55
1503 , 64.55 , -0.81 , 55
1505 , 64.55 , -0.66 , 55
1506 , 64.04 , -0.76 , 55
1507 , 64.29 , -0.76 , 55
1509 , 64.55 , -0.85 , 55
1510 , 64.55 , -0.68 , 55
1511 , 64.29 , -0.72 , 55
1513 , 64.80 , -0.77 , 55
1514 , 64.29 , -0.80 , 55
1515 , 64.29 , -0.68 , 55
1517 , 64.80 , -0.66 , 55
1518 , 64.04 , -0.68 , 55
1519 , 64.80 , -0.81 , 55
1521 , 64.55 , -0.77 , 55
1522 , 64.80 , -0.67 , 55
1523 , 65.06 , -0.77 , 55
1525 , 65.06 , -0.58 , 55
1526 , 64.29 , -0.62 , 55
1527 , 63.27 , -0.68 , 55
1528 , 64.04 , -0.76 , 55
1530 , 63.53 , -0.77 , 55
1531 , 63.78 , -0.74 , 55
1532 , 64.29 , -0.68 , 55
1534 , 63.78 , -0.71 , 55
1535 , 63.78 , -0.84 , 55
1536 , 63.78 , -0.70 , 55
1538 , 64.04 , -0.72 , 55
1539 , 63.01 , -0.68 , 55
1540 , 63.78 , -0.71 , 55
1542 , 63.53 , -0.74 , 55
1543 , 64.04 , -0.69 , 55
1544 , 64.04 , -0.73 , 55
1546 , 63.78 , -0.71 , 55
1547 , 64.04 , -0.74 , 55
1548 , 63.78 , -0.64 , 55
1549 , 63.78 , -0.74 , 55
1551 , 63.01 , -0.66 , 55
1552 , 63.53 , -0.82 , 55
1553 , 63.78 , -0.72 , 55
1555 , 64.29 , -0.71 , 55
1556 , 63.78 , -0.66 , 55
1557 , 63.27 , -0.83 , 55
1559 , 63.78 , -0.78 , 55
1560 , 64.04 , -0.70 , 55
1561 , 64.04 , -0.77 , 55
1563 , 64.04 , -0.69 , 55
1564 , 64.04 , -0.77 , 55
1565 , 64.29 , -0.73 , 55
1567 , 64.04 , -0.72 , 55
1568 , 63.78 , -0.77 , 55
1569 , 63.78 , -0.75 , 55
1571 , 63.78 , -0.79 , 55
1572 , 64.29 , -0.63 , 55
1573 , 64.04 , -0.77 , 55
1574 , 63.78 , -0.75 , 55
1576 , 64.04 , -0.68 , 55
1577 , 63.78 , -0.56 , 55
1578 , 64.04 , -0.79 , 55
1580 , 63.53 , -0.82 , 55
1581 , 63.27 , -0.63 , 55
1582 , 62.76 , -0.73 , 55
1584 , 63.01 , -0.65 , 55
1585 , 63.53 , -0.80 , 55
1586 , 63.27 , -0.68 , 55
1588 , 62.76 , -0.69 , 55
1589 , 63.27 , -0.73 , 55
1590 , 63.27 , -0.85 , 55
1592 , 63.27 , -0.82 , 55
1593 , 63.53 , -0.67 , 55
1594 , 63.53 , -0.64 , 55
1596 , 63.27 , -0.73 , 55
1597 , 63.27 , -0.82 , 55
1598 , 63.53 , -0.73 , 55
1599 , 63.27 , -0.70 , 55
1601 , 63.27 , -0.78 , 55
1602 , 63.27 , -0.74 , 55
1603 , 63.01 , -0.80 , 55
1605 , 63.53 , -0.69 , 55
1606 , 63.53 , -0.75 , 55
1607 , 63.27 , -0.70 , 55
1609 , 63.53 , -0.77 , 55
1610 , 63.27 , -0.69 , 55
1611 , 63.01 , -0.78 , 55
1613 , 62.76 , -0.77 , 55
1614 , 62.76 , -0.75 , 55
1615 , 62.50 , -0.72 , 55
1617 , 63.01 , -0.69 , 55
1618 , 63.01 , -0.73 , 55
1619 , 62.76 , -0.80 , 55
1621 , 62.76 , -0.73 , 55
1622 , 62.50 , -0.68 , 55
1623 , 63.01 , -0.78 , 55
1624 , 62.50 , -0.81 , 55
1626 , 62.25 , -0.74 , 55
1627 , 62.50 , -0.73 , 55
1628 , 62.25 , -0.74 , 55
1630 , 62.76 , -0.80 , 55
1631 , 62.25 , -0.73 , 55
1632 , 62.25 , -0.70 , 55
1634 , 62.25 , -0.75 , 55
1635 , 62.25 , -0.82 , 55
1636 , 61.99 , -0.75 , 55
1638 , 61.99 , -0.70 , 55
1639 , 61.99 , -0.73 , 55
1640 , 62.25 , -0.75 , 55
1642 , 61.99 , -0.78 , 55
1643 , 61.74 , -0.70 , 55
1644 , 61.74 , -0.73 , 55
1646 , 61.99 , -0.82 , 55
1647 , 61.48 , -0.70 , 55
1648 , 61.48 , -0.70 , 55
1649 , 61.48 , -0.74 , 55
1651 , 62.25 , -0.76 , 55
1652 , 61.48 , -0.72 , 55
1653 , 62.25 , -0.67 , 55
1655 , 61.99 , -0.76 , 55
1656 , 61.99 , -0.78 , 55
1657 , 61.74 , -0.82 , 55
1659 , 61.99 , -0.72 , 55
1660 , 61.74 , -0.70 , 55
1661 , 61.99 , -0.80 , 55
1663 , 62.50 , -0.77 , 55
1664 , 62.50 , -0.75 , 55
1665 , 61.74 , -0.65 , 55
1667 , 61.74 , -0.77 , 55
1668 , 61.99 , -0.75 , 55
1669 , 61.99 , -0.69 , 55
1671 , 62.25 , -0.72 , 55
1672 , 61.99 , -0.70 , 55
1673 , 62.25 , -0.85 , 55
1674 , 61.74 , -0.72 , 55
1676 , 62.25 , -0.70 , 55
1677 , 61.99 , -0.77 , 55
1678 , 61.99 , -0.82 , 55
1680 , 61.99 , -0.81 , 55
1681 , 61.99 , -0.71 , 55
1682 , 62.25 , -0.73 , 55
1684 , 61.99 , -0.74 , 55
1685 , 61.99 , -0.80 , 55
1686 , 62.25 , -0.66 , 55
1688 , 62.76 , -0.77 , 55
1689 , 61.99 , -0.79 , 55
1690 , 61.99 , -0.75 , 55
1692 , 62.50 , -0.77 , 55
1693 , 62.76 , -0.71 , 55
1694 , 62.25 , -0.76 , 55
1696 , 61.99 , -0.70 , 55
1697 , 62.25 , -0.75 , 55
1698 , 62.25 , -0.67 , 55
1699 , 61.74 , -0.77 , 55
1701 , 61.99 , -0.77 , 55
1702 , 61.23 , -0.79 , 55
1703 , 61.74 , -0.72 , 55
1705 , 61.74 , -0.75 , 55
1706 , 61.23 , -0.77 , 55
1707 , 61.48 , -0.78 , 55
1709 , 61.48 , -0.67 , 55
1710 , 61.48 , -0.71 , 55
1711 , 61.74 , -0.82 , 55
1713 , 61.23 , -0.73 , 55
1714 , 61.74 , -0.70 , 55
1715 , 61.74 , -0.67 , 55
1717 , 61.48 , -0.64 , 55
1718 , 61.99 , -0.80 , 55
1719 , 61.23 , -0.73 , 55
1721 , 61.48 , -0.73 , 55
1722 , 61.74 , -0.75 , 55
1723 , 61.74 , -0.83 , 55
1724 , 61.74 , -0.67 , 55
1726 , 61.48 , -0.69 , 55
1727 , 61.48 , -0.73 , 55
1728 , 61.23 , -0.76 , 55
1730 , 61.48 , -0.75 , 55
1731 , 60.97 , -0.66 , 55
1732 , 60.97 , -0.66 , 55
1734 , 61.48 , -0.83 , 55
1735 , 60.97 , -0.76 , 55
1736 , 61.48 , -0.75 , 55
1738 , 61.74 , -0.66 , 55
1739 , 61.23 , -0.78 , 55
1740 , 61.74 , -0.70 , 55
1742 , 61.74 , -0.79 , 55
1743 , 62.25 , -0.61 , 55
1744 , 61.74 , -0.78 , 55
1746 , 61.99 , -0.81 , 55
1747 , 61.74 , -0.68 , 55
1748 , 61.48 , -0.68 , 55
1749 , 61.48 , -0.64 , 55
1751 , 61.48 , -0.80 , 55
1752 , 61.48 , -0.72 , 55
1753 , 61.48 , -0.71 , 55
1755 , 61.99 , -0.78 , 55
1756 , 62.25 , -0.80 , 55
1757 , 61.23 , -0.76 , 55
1759 , 61.74 , -0.71 , 55
1760 , 61.48 , -0.76 , 55
1761 , 61.23 , -0.81 , 55
1763 , 61.48 , -0.72 , 55
1764 , 61.23 , -0.73 , 55
1765 , 61.23 , -0.72 , 55
1767 , 61.23 , -0.76 , 55
1768 , 61.48 , -0.70 , 55
1769 , 61.23 , -0.74 , 55
1771 , 61.48 , -0.67 , 55
1772 , 61.48 , -0.63 , 55
1773 , 61.48 , -0.83 , 55
1774 , 61.48 , -0.80 , 55
1776 , 61.23 , -0.68 , 55
1777 , 61.48 , -0.78 , 55
1778 , 61.23 , -0.82 , 55
1780 , 60.97 , -0.70 , 55
1781 , 60.97 , -0.73 , 55
1782 , 60.21 , -0.74 , 55
1784 , 60.21 , -0.85 , 55
1785 , 59.95 , -0.71 , 55
1786 , 60.46 , -0.74 , 55
1788 , 60.46 , -0.70 , 55
1789 , 60.21 , -0.72 , 55
1790 , 60.21 , -0.78 , 55
1792 , 60.21 , -0.62 , 55
1793 , 60.21 , -0.78 , 55
1794 , 59.95 , -0.76 , 55
1796 , 59.70 , -0.80 , 55
1797 , 59.70 , -0.70 , 55
1798 , 60.46 , -0.66 , 55
1799 , 60.46 , -0.85 , 55
1801 , 60.21 , -0.72 , 55
1802 , 60.21 , -0.76 , 55
1803 , 60.46 , -0.64 , 55
1805 , 60.72 , -0.73 , 55
1806 , 60.72 , -0.82 , 55
1807 , 60.72 , -0.72 , 55
1809 , 60.72 , -0.70 , 55
1810 , 60.72 , -0.81 , 55
1811 , 60.21 , -0.75 , 55
1813 , 60.46 , -0.80 , 55
1814 , 60.97 , -0.67 , 55
1815 , 60.72 , -0.74 , 55
1817 , 60.72 , -0.80 , 55
1818 , 60.72 , -0.68 , 55
1819 , 60.97 , -0.73 , 55
1821 , 60.72 , -0.74 , 55
