0 , 27.29 , -0.12 , 0
1 , 26.27 , 0.24 , 0
2 , 26.53 , 0.27 , 0
4 , 26.27 , 0.27 , 0
5 , 26.27 , 0.25 , 0
6 , 26.53 , 0.24 , 0
8 , 26.02 , 0.28 , 0
9 , 26.02 , 0.28 , 0
10 , 25.51 , 0.26 , 0
12 , 25.76 , 0.24 , 0
13 , 26.02 , 0.26 , 0
14 , 25.51 , 0.29 , 0
16 , 25.25 , 0.26 , 0
17 , 25.51 , 0.25 , 0
18 , 25.25 , 0.28 , 0
20 , 25.00 , 0.27 , 0
21 , 25.00 , 0.27 , 0
22 , 25.25 , 0.23 , 0
23 , 25.00 , 0.27 , 0
25 , 24.74 , 0.24 , 0
26 , 25.00 , 0.26 , 0
27 , 25.00 , 0.27 , 0
29 , 25.25 , 0.27 , 0
30 , 24.74 , 0.02 , 90
31 , 44.90 , -1.58 , 90
33 , 55.11 , -1.54 , 90
34 , 57.91 , -1.63 , 90
35 , 58.93 , -1.72 , 90
37 , 60.46 , -1.67 , 90
38 , 62.25 , -1.82 , 90
39 , 63.78 , -1.81 , 90
41 , 65.57 , -1.68 , 90
42 , 66.84 , -1.59 , 90
43 , 69.14 , -1.61 , 90
45 , 70.41 , -1.64 , 90
46 , 71.43 , -1.64 , 90
47 , 73.73 , -1.76 , 90
48 , 75.01 , -1.70 , 90
50 , 76.54 , -1.65 , 90
51 , 77.05 , -1.65 , 90
52 , 78.83 , -1.55 , 90
54 , 79.85 , -1.67 , 90
55 , 80.62 , -1.73 , 90
56 , 81.90 , -1.66 , 90
58 , 82.66 , -1.71 , 90
59 , 83.68 , -1.79 , 90
60 , 84.70 , -1.63 , 90
62 , 85.98 , -1.55 , 90
63 , 86.74 , -1.71 , 90
64 , 87.51 , -1.64 , 90
66 , 87.76 , -1.62 , 90
67 , 88.27 , -1.75 , 90
68 , 89.04 , -1.66 , 90
70 , 89.55 , -1.57 , 90
71 , 90.57 , -1.70 , 90
72 , 91.59 , -1.64 , 90
73 , 91.85 , -1.72 , 90
75 , 92.10 , -1.71 , 90
76 , 93.12 , -1.57 , 90
77 , 93.38 , -1.66 , 90
79 , 93.89 , -1.76 , 90
80 , 94.40 , -1.65 , 90
81 , 94.14 , -1.53 , 90
83 , 94.91 , -1.70 , 90
84 , 94.91 , -1.66 , 90
85 , 95.42 , -1.58 , 90
87 , 95.93 , -1.65 , 90
88 , 95.93 , -1.63 , 90
89 , 96.69 , -1.50 , 90
91 , 96.95 , -1.56 , 90
92 , 97.20 , -1.61 , 90
93 , 97.97 , -1.59 , 90
95 , 97.20 , -1.58 , 90
96 , 97.20 , -1.87 , 90
97 , 97.97 , -1.66 , 90
98 , 97.97 , -1.59 , 90
100 , 97.97 , -1.64 , 90
101 , 98.23 , -1.60 , 90
102 , 98.48 , -1.64 , 90
104 , 98.23 , -1.81 , 90
105 , 98.48 , -1.65 , 90
106 , 98.99 , -1.52 , 90
108 , 99.25 , -1.56 , 90
109 , 99.25 , -1.75 , 90
110 , 99.25 , -1.63 , 90
112 , 100.01 , -1.54 , 90
113 , 99.76 , -1.72 , 90
114 , 100.01 , -1.79 , 90
116 , 100.52 , -1.55 , 90
117 , 99.76 , -1.63 , 90
118 , 100.27 , -1.60 , 90
120 , 100.27 , -1.58 , 90
121 , 100.78 , -1.69 , 90
122 , 100.52 , -1.48 , 90
123 , 100.52 , -1.66 , 90
125 , 101.03 , -1.75 , 90
126 , 100.78 , -1.59 , 90
127 , 100.27 , -1.63 , 90
129 , 100.52 , -1.68 , 90
130 , 101.54 , -1.57 , 90
131 , 101.03 , -1.60 , 90
133 , 101.03 , -1.61 , 90
134 , 101.29 , -1.59 , 90
135 , 100.78 , -1.62 , 90
137 , 101.29 , -1.71 , 90
138 , 101.29 , -1.57 , 90
139 , 101.03 , -1.64 , 90
141 , 100.78 , -1.55 , 90
142 , 100.78 , -1.71 , 90
143 , 100.78 , -1.51 , 90
145 , 100.78 , -1.64 , 90
146 , 100.52 , -1.64 , 90
147 , 101.03 , -1.76 , 90
148 , 101.29 , -1.55 , 90
150 , 100.78 , -1.60 , 90
151 , 101.03 , -1.67 , 90
152 , 101.03 , -1.61 , 90
154 , 101.54 , -1.69 , 90
155 , 101.29 , -1.61 , 90
156 , 101.54 , -1.68 , 90
158 , 101.03 , -1.66 , 90
159 , 101.54 , -1.74 , 90
160 , 101.29 , -1.51 , 90
162 , 101.80 , -1.69 , 90
163 , 101.80 , -1.61 , 90
164 , 101.03 , -1.61 , 90
166 , 101.80 , -1.62 , 90
167 , 101.54 , -1.51 , 90
168 , 101.80 , -1.67 , 90
170 , 101.80 , -1.68 , 90
171 , 101.80 , -1.49 , 90
172 , 102.31 , -1.66 , 90
173 , 102.56 , -1.54 , 90
175 , 101.80 , -1.67 , 90
176 , 102.31 , -1.49 , 90
177 , 101.80 , -1.66 , 90
179 , 97.46 , -1.63 , 90
180 , 96.95 , -1.66 , 90
181 , 97.20 , -1.65 , 90
183 , 97.20 , -1.64 , 90
184 , 97.72 , -1.71 , 90
185 , 96.95 , -1.55 , 90
187 , 96.95 , -1.64 , 90
188 , 96.95 , -1.70 , 90
189 , 96.95 , -1.74 , 90
191 , 97.46 , -1.65 , 90
192 , 96.95 , -1.60 , 90
193 , 97.20 , -1.62 , 90
195 , 97.72 , -1.57 , 90
196 , 97.46 , -1.62 , 90
197 , 97.72 , -1.56 , 90
198 , 97.72 , -1.69 , 90
200 , 96.95 , -1.65 , 90
201 , 97.72 , -1.65 , 90
202 , 97.72 , -1.73 , 90
204 , 97.46 , -1.65 , 90
205 , 96.69 , -1.52 , 90
206 , 97.72 , -1.46 , 90
208 , 96.95 , -1.67 , 90
209 , 97.72 , -1.74 , 90
211 , 97.97 , -1.47 , 90
212 , 98.23 , -1.44 , 90
213 , 98.23 , -1.72 , 90
215 , 97.46 , -1.75 , 90
216 , 98.23 , -1.61 , 90
217 , 97.46 , -1.55 , 90
219 , 98.23 , -1.62 , 90
220 , 98.74 , -1.68 , 90
221 , 98.48 , -1.64 , 90
222 , 97.97 , -1.56 , 90
224 , 98.23 , -1.81 , 90
225 , 97.97 , -1.61 , 90
226 , 98.23 , -1.51 , 90
228 , 98.23 , -1.54 , 90
229 , 97.97 , -1.52 , 90
230 , 98.23 , -1.65 , 90
232 , 97.97 , -1.69 , 90
233 , 98.23 , -1.75 , 90
234 , 98.48 , -1.67 , 90
236 , 98.23 , -1.64 , 90
237 , 98.48 , -1.66 , 90
238 , 97.97 , -1.56 , 90
240 , 98.23 , -1.51 , 90
