0 , 34.18 , -0.04 , 0
1 , 33.16 , 0.39 , 0
2 , 32.91 , 0.36 , 0
4 , 32.65 , 0.37 , 0
5 , 32.14 , 0.41 , 0
6 , 31.38 , 0.39 , 0
8 , 31.63 , 0.36 , 0
9 , 31.63 , 0.37 , 0
10 , 31.12 , 0.39 , 0
12 , 30.61 , 0.40 , 0
13 , 30.61 , 0.37 , 0
14 , 30.36 , 0.37 , 0
16 , 30.36 , 0.36 , 0
17 , 29.59 , 0.38 , 0
18 , 29.85 , 0.38 , 0
20 , 29.59 , 0.36 , 0
21 , 29.34 , 0.38 , 0
22 , 29.08 , 0.35 , 0
23 , 28.82 , 0.40 , 0
25 , 28.82 , 0.36 , 0
26 , 28.57 , 0.37 , 0
27 , 28.31 , 0.39 , 0
29 , 28.06 , 0.36 , 0
30 , 28.06 , 0.14 , 80
31 , 31.63 , -1.35 , 80
33 , 36.99 , -1.36 , 80
34 , 40.31 , -1.29 , 80
35 , 42.35 , -1.35 , 80
37 , 45.15 , -1.36 , 80
38 , 47.45 , -1.26 , 80
39 , 49.75 , -1.31 , 80
41 , 52.04 , -1.36 , 80
42 , 53.83 , -1.33 , 80
43 , 55.62 , -1.32 , 80
45 , 57.91 , -1.57 , 80
46 , 58.93 , -1.28 , 80
47 , 61.48 , -1.28 , 80
48 , 62.76 , -1.31 , 80
50 , 64.29 , -1.27 , 80
51 , 65.31 , -1.27 , 80
52 , 67.10 , -1.28 , 80
54 , 68.37 , -1.41 , 80
55 , 69.39 , -1.27 , 80
56 , 70.41 , -1.33 , 80
58 , 70.67 , -1.33 , 80
59 , 71.95 , -1.31 , 80
60 , 72.71 , -1.33 , 80
62 , 73.48 , -1.38 , 80
63 , 74.75 , -1.33 , 80
64 , 75.26 , -1.26 , 80
66 , 76.79 , -1.44 , 80
67 , 72.46 , -1.39 , 80
68 , 74.24 , -1.30 , 80
70 , 75.52 , -1.36 , 80
71 , 75.77 , -1.41 , 80
72 , 76.54 , -1.31 , 80
73 , 76.79 , -1.32 , 80
75 , 76.79 , -1.33 , 80
76 , 77.56 , -1.30 , 80
77 , 77.30 , -1.46 , 80
79 , 77.81 , -1.45 , 80
80 , 78.83 , -1.40 , 80
81 , 78.83 , -1.37 , 80
83 , 79.09 , -1.42 , 80
84 , 79.09 , -1.39 , 80
85 , 80.11 , -1.41 , 80
87 , 79.34 , -1.45 , 80
88 , 79.34 , -1.46 , 80
89 , 79.34 , -1.37 , 80
91 , 79.34 , -1.44 , 80
92 , 79.60 , -1.40 , 80
93 , 79.60 , -1.37 , 80
95 , 79.85 , -1.41 , 80
96 , 79.60 , -1.43 , 80
97 , 79.34 , -1.36 , 80
98 , 79.60 , -1.42 , 80
100 , 79.85 , -1.47 , 80
101 , 80.11 , -1.33 , 80
102 , 79.60 , -1.36 , 80
104 , 80.11 , -1.49 , 80
105 , 80.11 , -1.45 , 80
106 , 80.37 , -1.33 , 80
108 , 79.34 , -1.40 , 80
109 , 80.62 , -1.49 , 80
110 , 80.62 , -1.37 , 80
112 , 80.62 , -1.40 , 80
113 , 80.37 , -1.45 , 80
114 , 80.88 , -1.52 , 80
116 , 81.39 , -1.37 , 80
117 , 81.39 , -1.39 , 80
118 , 81.64 , -1.44 , 80
120 , 81.13 , -1.45 , 80
121 , 82.15 , -1.40 , 80
122 , 82.15 , -1.50 , 80
123 , 81.90 , -1.49 , 80
125 , 82.15 , -1.48 , 80
126 , 82.15 , -1.37 , 80
127 , 82.41 , -1.49 , 80
129 , 82.41 , -1.39 , 80
130 , 82.15 , -1.39 , 80
131 , 82.15 , -1.46 , 80
133 , 82.41 , -1.52 , 80
134 , 82.15 , -1.37 , 80
135 , 81.90 , -1.37 , 80
137 , 81.90 , -1.44 , 80
138 , 82.41 , -1.45 , 80
139 , 82.92 , -1.34 , 80
141 , 82.92 , -1.36 , 80
142 , 82.92 , -1.52 , 80
143 , 82.92 , -1.45 , 80
145 , 82.92 , -1.35 , 80
146 , 83.43 , -1.41 , 80
147 , 83.43 , -1.41 , 80
148 , 82.41 , -1.33 , 80
150 , 83.17 , -1.37 , 80
151 , 80.88 , -1.49 , 80
152 , 82.41 , -1.42 , 80
154 , 82.15 , -1.35 , 80
155 , 82.41 , -1.33 , 80
156 , 81.90 , -1.43 , 80
158 , 81.90 , -1.42 , 80
159 , 81.39 , -1.42 , 80
160 , 81.39 , -1.42 , 80
162 , 81.64 , -1.45 , 80
163 , 81.64 , -1.35 , 80
164 , 80.88 , -1.41 , 80
166 , 81.13 , -1.41 , 80
167 , 81.13 , -1.31 , 80
168 , 81.39 , -1.36 , 80
170 , 80.88 , -1.51 , 80
171 , 81.13 , -1.39 , 80
172 , 80.62 , -1.38 , 80
173 , 80.37 , -1.41 , 80
175 , 80.62 , -1.43 , 80
176 , 80.88 , -1.39 , 80
177 , 80.37 , -1.33 , 80
179 , 80.11 , -1.35 , 80
180 , 79.85 , -1.43 , 80
181 , 80.11 , -1.43 , 80
183 , 79.85 , -1.41 , 80
184 , 79.85 , -1.40 , 80
185 , 79.85 , -1.44 , 80
187 , 80.37 , -1.34 , 80
188 , 80.11 , -1.40 , 80
189 , 80.62 , -1.45 , 80
191 , 80.88 , -1.48 , 80
192 , 81.13 , -1.34 , 80
193 , 81.13 , -1.34 , 80
195 , 81.13 , -1.45 , 80
196 , 81.39 , -1.38 , 80
197 , 81.13 , -1.34 , 80
198 , 81.39 , -1.46 , 80
200 , 81.39 , -1.45 , 80
201 , 81.39 , -1.32 , 80
202 , 81.90 , -1.38 , 80
204 , 81.13 , -1.44 , 80
205 , 80.88 , -1.34 , 80
206 , 81.13 , -1.37 , 80
208 , 82.15 , -1.37 , 80
209 , 81.90 , -1.46 , 80
211 , 81.13 , -1.41 , 80
212 , 81.13 , -1.34 , 80
213 , 81.64 , -1.34 , 80
215 , 81.39 , -1.48 , 80
216 , 81.90 , -1.54 , 80
217 , 81.13 , -1.39 , 80
219 , 81.39 , -1.32 , 80
220 , 81.39 , -1.43 , 80
221 , 81.13 , -1.37 , 80
222 , 81.64 , -1.32 , 80
224 , 81.64 , -1.37 , 80
225 , 81.64 , -1.53 , 80
226 , 81.90 , -1.41 , 80
228 , 82.41 , -1.32 , 80
229 , 81.90 , -1.39 , 80
230 , 81.90 , -1.36 , 80
232 , 82.66 , -1.38 , 80
233 , 81.90 , -1.39 , 80
234 , 82.66 , -1.47 , 80
236 , 82.66 , -1.42 , 80
237 , 82.41 , -1.37 , 80
238 , 82.66 , -1.36 , 80
240 , 82.66 , -1.44 , 80
