0 , 22.70 , 0.21 , 0
1 , 22.45 , 0.60 , 0
2 , 22.45 , 0.60 , 0
4 , 22.45 , 0.62 , 0
5 , 22.19 , 0.60 , 0
6 , 22.45 , 0.60 , 0
8 , 21.94 , 0.62 , 0
9 , 22.19 , 0.62 , 0
10 , 22.45 , 0.59 , 0
12 , 22.19 , 0.63 , 0
13 , 22.45 , 0.61 , 0
14 , 21.94 , 0.59 , 0
16 , 21.94 , 0.60 , 0
17 , 21.94 , 0.62 , 0
18 , 22.19 , 0.60 , 0
20 , 22.45 , 0.60 , 0
21 , 21.94 , 0.62 , 0
22 , 22.19 , 0.60 , 0
23 , 21.94 , 0.58 , 0
25 , 22.19 , 0.63 , 0
26 , 22.19 , 0.62 , 0
27 , 22.45 , 0.61 , 0
29 , 22.19 , 0.60 , 0
30 , 22.19 , 0.22 , 70
31 , 26.02 , -1.11 , 70
33 , 30.36 , -1.11 , 70
34 , 33.16 , -0.96 , 70
35 , 35.46 , -0.82 , 70
37 , 37.76 , -1.09 , 70
38 , 39.54 , -1.04 , 70
39 , 40.05 , -1.03 , 70
41 , 42.09 , -1.03 , 70
42 , 43.37 , -1.12 , 70
43 , 45.15 , -1.14 , 70
45 , 45.66 , -0.99 , 70
46 , 47.71 , -0.89 , 70
47 , 48.98 , -1.15 , 70
48 , 50.00 , -1.09 , 70
50 , 51.79 , -1.12 , 70
51 , 52.55 , -0.89 , 70
52 , 53.06 , -0.88 , 70
54 , 54.59 , -0.87 , 70
55 , 55.11 , -1.16 , 70
56 , 56.13 , -0.91 , 70
58 , 57.15 , -0.98 , 70
59 , 58.42 , -1.12 , 70
60 , 59.19 , -1.20 , 70
62 , 59.95 , -0.91 , 70
63 , 60.72 , -1.10 , 70
64 , 61.23 , -1.27 , 70
66 , 62.50 , -1.18 , 70
67 , 63.27 , -1.18 , 70
68 , 63.27 , -1.26 , 70
70 , 64.29 , -1.05 , 70
71 , 65.06 , -1.03 , 70
72 , 65.31 , -1.25 , 70
73 , 66.08 , -1.11 , 70
75 , 66.59 , -0.96 , 70
76 , 66.59 , -1.00 , 70
77 , 67.10 , -1.16 , 70
79 , 67.10 , -1.15 , 70
80 , 67.86 , -1.22 , 70
81 , 68.63 , -1.27 , 70
83 , 68.63 , -1.14 , 70
84 , 68.63 , -1.24 , 70
85 , 69.39 , -1.22 , 70
87 , 70.16 , -1.20 , 70
88 , 69.90 , -1.11 , 70
89 , 70.67 , -1.16 , 70
91 , 70.67 , -1.16 , 70
92 , 70.92 , -1.10 , 70
93 , 71.43 , -1.26 , 70
95 , 71.95 , -1.25 , 70
96 , 71.69 , -1.04 , 70
97 , 72.20 , -1.09 , 70
98 , 72.46 , -1.11 , 70
100 , 72.71 , -1.06 , 70
101 , 73.22 , -1.13 , 70
102 , 73.48 , -1.18 , 70
104 , 73.48 , -1.11 , 70
105 , 73.73 , -1.14 , 70
106 , 73.99 , -1.07 , 70
108 , 73.22 , -1.05 , 70
109 , 73.99 , -1.16 , 70
110 , 74.50 , -1.07 , 70
112 , 74.75 , -1.17 , 70
113 , 74.24 , -1.16 , 70
114 , 74.75 , -1.13 , 70
116 , 74.75 , -1.10 , 70
117 , 75.01 , -1.08 , 70
118 , 75.26 , -1.11 , 70
120 , 75.26 , -1.21 , 70
121 , 75.01 , -1.02 , 70
122 , 75.52 , -1.27 , 70
123 , 75.26 , -1.25 , 70
125 , 75.52 , -1.05 , 70
126 , 75.77 , -1.17 , 70
127 , 76.03 , -1.24 , 70
129 , 75.26 , -1.14 , 70
130 , 76.03 , -1.24 , 70
131 , 76.03 , -0.97 , 70
133 , 75.77 , -1.29 , 70
134 , 75.77 , -1.15 , 70
135 , 76.03 , -1.00 , 70
137 , 76.54 , -1.22 , 70
138 , 76.54 , -1.21 , 70
139 , 76.03 , -1.10 , 70
141 , 76.79 , -1.09 , 70
142 , 76.54 , -1.10 , 70
143 , 76.79 , -1.10 , 70
145 , 77.30 , -1.18 , 70
146 , 77.56 , -1.23 , 70
147 , 77.05 , -1.11 , 70
148 , 77.30 , -1.07 , 70
150 , 78.07 , -1.23 , 70
151 , 77.81 , -1.26 , 70
152 , 78.58 , -1.14 , 70
154 , 78.58 , -1.12 , 70
155 , 79.09 , -1.25 , 70
156 , 78.32 , -1.17 , 70
158 , 78.58 , -1.08 , 70
159 , 79.09 , -0.79 , 70
160 , 78.83 , -1.11 , 70
162 , 79.09 , -0.84 , 70
163 , 78.58 , -1.00 , 70
164 , 78.83 , -0.93 , 70
166 , 78.58 , -0.90 , 70
167 , 78.58 , -1.12 , 70
168 , 78.83 , -0.90 , 70
170 , 78.32 , -0.88 , 70
171 , 78.32 , -0.99 , 70
172 , 78.83 , -0.85 , 70
173 , 78.83 , -1.14 , 70
175 , 78.58 , -0.72 , 70
176 , 79.09 , -0.98 , 70
177 , 78.58 , -0.91 , 70
179 , 79.09 , -1.18 , 70
180 , 78.83 , -0.98 , 70
181 , 78.58 , -0.90 , 70
183 , 79.09 , -1.18 , 70
184 , 79.34 , -0.91 , 70
185 , 79.60 , -0.97 , 70
187 , 79.34 , -1.02 , 70
188 , 79.34 , -1.20 , 70
189 , 78.58 , -0.74 , 70
191 , 79.60 , -1.16 , 70
192 , 79.60 , -0.96 , 70
193 , 79.60 , -1.09 , 70
195 , 79.60 , -1.04 , 70
196 , 79.60 , -0.93 , 70
197 , 79.60 , -1.18 , 70
198 , 79.60 , -1.11 , 70
200 , 79.60 , -0.90 , 70
201 , 79.85 , -1.14 , 70
202 , 79.34 , -0.89 , 70
204 , 79.60 , -1.21 , 70
205 , 80.11 , -0.99 , 70
206 , 80.11 , -0.90 , 70
208 , 80.11 , -1.17 , 70
209 , 80.11 , -0.96 , 70
211 , 80.11 , -1.04 , 70
212 , 80.37 , -0.87 , 70
213 , 80.37 , -1.15 , 70
215 , 79.60 , -1.02 , 70
216 , 80.62 , -1.23 , 70
217 , 80.11 , -0.77 , 70
219 , 80.37 , -1.10 , 70
220 , 80.37 , -1.16 , 70
221 , 80.37 , -0.86 , 70
222 , 80.11 , -1.06 , 70
224 , 80.37 , -0.92 , 70
225 , 80.37 , -1.06 , 70
226 , 80.11 , -1.06 , 70
228 , 80.11 , -1.18 , 70
229 , 79.85 , -0.78 , 70
230 , 79.60 , -1.12 , 70
232 , 80.37 , -1.11 , 70
233 , 80.37 , -1.08 , 70
234 , 80.11 , -1.12 , 70
236 , 79.85 , -0.89 , 70
237 , 80.11 , -1.19 , 70
238 , 80.62 , -0.99 , 70
240 , 80.62 , -0.97 , 70
