0	21.17	10	6	20
1	20.92	10	6	20
2	21.43	10	6	20
3	20.92	10	6	20
4	21.17	10	6	20
5	21.43	10	6	20
6	21.43	10	6	20
7	21.43	10	6	20
8	21.68	10	6	20
9	21.68	10	6	20
10	21.43	10	6	20
11	21.43	10	6	20
12	21.68	10	6	20
13	21.43	10	6	20
14	21.43	10	6	20
15	21.17	10	6	20
16	21.43	10	6	20
17	21.94	10	6	20
18	21.43	10	6	20
19	21.43	10	6	20
20	21.43	20	27.2	80
21	21.94	20	27.2	80
22	21.94	20	27.2	80
23	21.68	20	27.2	80
24	22.19	20	27.2	80
25	21.68	20	27.2	80
26	22.19	20	27.2	80
27	21.94	20	27.2	80
28	22.19	20	27.2	80
29	22.19	20	27.2	80
30	21.94	20	27.2	80
31	21.94	20	27.2	80
32	22.19	20	27.2	80
33	22.19	20	27.2	80
34	22.19	20	27.2	80
35	22.19	20	27.2	80
36	22.19	20	27.2	80
37	22.45	20	27.2	80
38	22.19	20	27.2	80
39	22.19	20	27.2	80
40	22.45	30	50	147
41	22.7	30	50	147
42	22.7	30	50	147
43	22.7	30	50	147
44	22.19	30	50	147
45	22.96	30	50	147
46	22.7	30	50	147
47	22.96	30	50	147
48	22.96	30	50	147
49	22.96	30	50	147
50	22.7	30	50	147
51	22.96	30	50	147
52	22.96	30	50	147
53	22.96	30	50	147
54	22.96	30	50	147
55	22.7	30	50	147
56	22.45	30	50	147
57	22.7	30	50	147
58	22.96	30	50	147
59	22.96	30	50	147
60	23.21	40	67	200
61	23.21	40	67	200
62	23.21	40	67	200
63	23.21	40	67	200
64	23.21	40	67	200
65	22.96	40	67	200
66	23.47	40	67	200
67	23.21	40	67	200
68	23.47	40	67	200
69	23.47	40	67	200
70	23.47	40	67	200
71	23.21	40	67	200
72	23.21	40	67	200
73	23.47	40	67	200
74	23.47	40	67	200
75	23.72	40	67	200
76	23.21	40	67	200
77	23.21	40	67	200
78	23.21	40	67	200
79	23.21	40	67	200
80	23.47	50	92	274
81	23.72	50	92	274
82	23.72	50	92	274
83	24.23	50	92	274
84	23.98	50	92	274
85	23.98	50	92	274
86	23.98	50	92	274
87	23.72	50	92	274
88	23.72	50	92	274
89	23.72	50	92	274
90	23.72	50	92	274
91	24.23	50	92	274
92	24.23	50	92	274
93	24.23	50	92	274
94	24.23	50	92	274
95	23.98	50	92	274
96	24.49	50	92	274
97	23.98	50	92	274
98	24.49	50	92	274
99	24.23	50	92	274
100	23.72	60	116	348
101	24.49	60	116	348
102	24.74	60	116	348
103	24.74	60	116	348
104	24.49	60	116	348
105	24.49	60	116	348
106	24.74	60	116	348
107	23.98	60	116	348
108	24.49	60	116	348
109	24.49	60	116	348
110	24.49	60	116	348
111	24.49	60	116	348
112	24.23	60	116	348
113	24.49	60	116	348
114	25	60	116	348
115	24.74	60	116	348
116	25	60	116	348
117	24.74	60	116	348
118	25.25	60	116	348
119	25	60	116	348
120	25	70	141	420
121	25.25	70	141	420
122	24.49	70	141	420
123	25.25	70	141	420
124	25	70	141	420
125	25	70	141	420
126	25.51	70	141	420
127	25.25	70	141	420
128	24.74	70	141	420
129	24.74	70	141	420
130	25.25	70	141	420
131	25.25	70	141	420
132	25.51	70	141	420
133	25.51	70	141	420
134	25.51	70	141	420
135	25.25	70	141	420
136	25.25	70	141	420
137	25.25	70	141	420
138	25.51	70	141	420
139	25	70	141	420
140	25.76	80	166	493
141	26.02	80	166	493
142	25.76	80	166	493
143	26.02	80	166	493
144	25.76	80	166	493
145	25.76	80	166	493
146	25.76	80	166	493
147	25.76	80	166	493
148	26.27	80	166	493
149	26.02	80	166	493
150	26.27	80	166	493
151	26.27	80	166	493
152	26.02	80	166	493
153	26.53	80	166	493
154	26.27	80	166	493
155	26.27	80	166	493
156	26.02	80	166	493
157	26.27	80	166	493
158	26.27	80	166	493
159	26.02	80	166	493
160	26.53	90	192	563
161	26.53	90	192	563
162	26.78	90	192	563
163	26.78	90	192	563
164	26.27	90	192	563
165	26.27	90	192	563
166	26.78	90	192	563
167	26.78	90	192	563
168	26.53	90	192	563
169	27.04	90	192	563
170	26.78	90	192	563
171	26.78	90	192	563
172	26.78	90	192	563
173	26.78	90	192	563
174	26.78	90	192	563
175	27.04	90	192	563
176	27.04	90	192	563
177	26.53	90	192	563
178	27.55	90	192	563
179	27.29	90	192	563
180	26.78	100	216	650
181	27.55	100	216	650
182	27.04	100	216	650
183	27.55	100	216	650
184	27.04	100	216	650
185	27.8	100	216	650
186	27.8	100	216	650
187	27.55	100	216	650
188	28.06	100	216	650
189	27.29	100	216	650
190	27.04	100	216	650
191	27.55	100	216	650
192	28.31	100	216	650
193	27.8	100	216	650
194	27.04	100	216	650
195	27.55	100	216	650
196	28.06	100	216	650
197	27.8	100	216	650
198	28.06	100	216	650
199	28.06	100	216	650
200	28.06	110	241	722
201	28.31	110	241	722
202	28.57	110	241	722
203	28.57	110	241	722
204	27.8	110	241	722
205	28.31	110	241	722
206	28.31	110	241	722
207	28.06	110	241	722
208	28.57	110	241	722
209	28.06	110	241	722
210	28.57	110	241	722
211	28.57	110	241	722
212	28.82	110	241	722
213	28.31	110	241	722
214	27.8	110	241	722
215	28.31	110	241	722
216	28.82	110	241	722
217	28.57	110	241	722
218	28.57	110	241	722
219	29.08	110	241	722
220	28.57	120	263	770
221	29.08	120	263	770
222	28.82	120	263	770
223	28.82	120	263	770
224	28.57	120	263	770
225	29.34	120	263	770
226	29.34	120	263	770
227	29.34	120	263	770
228	29.08	120	263	770
229	29.34	120	263	770
230	28.82	120	263	770
231	29.08	120	263	770
232	29.59	120	263	770
233	29.34	120	263	770
234	29.34	120	263	770
235	29.85	120	263	770
236	29.34	120	263	770
237	29.59	120	263	770
238	29.34	120	263	770
239	29.34	120	263	770
