41, 16.83 , 210
414 , 17.34 , 210
415 , 17.09 , 210
0 , 17.60 , 10
1 , 17.09 , 10
2 , 17.09 , 10
3 , 17.34 , 10
4 , 16.83 , 10
5 , 17.34 , 10
6 , 17.34 , 10
7 , 17.34 , 10
8 , 17.34 , 10
9 , 17.09 , 10
10 , 17.34 , 10
11 , 17.34 , 10
12 , 17.34 , 10
13 , 17.60 , 10
14 , 17.09 , 10
15 , 17.60 , 10
16 , 17.85 , 10
17 , 17.60 , 10
18 , 17.34 , 10
19 , 17.34 , 10
20 , 17.60 , 20
21 , 17.60 , 20
22 , 18.11 , 20
23 , 18.11 , 20
24 , 17.85 , 20
25 , 18.11 , 20
26 , 17.85 , 20
27 , 18.62 , 20
28 , 18.11 , 20
29 , 17.60 , 20
30 , 18.11 , 20
31 , 17.85 , 20
32 , 18.36 , 20
33 , 18.62 , 20
34 , 18.36 , 20
35 , 18.36 , 20
36 , 18.36 , 20
37 , 18.36 , 20
38 , 18.11 , 20
39 , 18.36 , 20
40 , 18.11 , 30
41 , 18.62 , 30
42 , 18.11 , 30
43 , 18.11 , 30
44 , 18.62 , 30
45 , 18.62 , 30
46 , 18.62 , 30
47 , 18.87 , 30
48 , 18.87 , 30
49 , 18.62 , 30
50 , 19.13 , 30
51 , 18.87 , 30
52 , 18.87 , 30
53 , 18.62 , 30
54 , 18.87 , 30
55 , 18.11 , 30
56 , 19.64 , 30
57 , 19.38 , 30
58 , 19.13 , 30
59 , 18.62 , 30
60 , 19.13 , 40
61 , 19.64 , 40
62 , 19.64 , 40
63 , 18.87 , 40
64 , 19.13 , 40
65 , 19.64 , 40
66 , 19.38 , 40
67 , 19.38 , 40
68 , 19.38 , 40
69 , 19.89 , 40
70 , 19.64 , 40
71 , 19.64 , 40
72 , 19.89 , 40
73 , 19.38 , 40
74 , 19.64 , 40
75 , 19.89 , 40
76 , 19.64 , 40
77 , 19.64 , 40
78 , 19.89 , 40
79 , 19.64 , 40
80 , 19.89 , 50
81 , 19.64 , 50
82 , 20.15 , 50
83 , 20.66 , 50
84 , 20.15 , 50
85 , 20.40 , 50
86 , 20.66 , 50
87 , 20.40 , 50
88 , 19.89 , 50
89 , 20.15 , 50
90 , 20.40 , 50
91 , 20.40 , 50
92 , 20.40 , 50
93 , 20.15 , 50
94 , 20.40 , 50
95 , 20.66 , 50
96 , 20.40 , 50
97 , 20.15 , 50
98 , 20.66 , 50
99 , 20.66 , 50
100 , 20.66 , 60
101 , 21.17 , 60
102 , 20.40 , 60
103 , 21.17 , 60
104 , 21.17 , 60
105 , 21.17 , 60
106 , 20.66 , 60
107 , 21.17 , 60
108 , 21.43 , 60
109 , 20.92 , 60
110 , 20.92 , 60
111 , 20.92 , 60
112 , 20.92 , 60
113 , 21.17 , 60
114 , 20.92 , 60
115 , 21.43 , 60
116 , 21.17 , 60
117 , 21.43 , 60
118 , 20.92 , 60
119 , 20.92 , 60
120 , 20.92 , 70
121 , 21.94 , 70
122 , 21.68 , 70
123 , 21.94 , 70
124 , 21.94 , 70
125 , 20.92 , 70
126 , 21.94 , 70
127 , 21.68 , 70
128 , 22.45 , 70
129 , 22.19 , 70
130 , 21.94 , 70
131 , 21.68 , 70
132 , 22.19 , 70
133 , 21.68 , 70
134 , 21.68 , 70
135 , 21.94 , 70
136 , 21.94 , 70
137 , 21.68 , 70
138 , 22.19 , 70
139 , 22.19 , 70
140 , 21.94 , 80
141 , 22.45 , 80
142 , 22.70 , 80
143 , 22.45 , 80
144 , 22.70 , 80
145 , 23.21 , 80
146 , 22.45 , 80
147 , 22.96 , 80
148 , 22.70 , 80
149 , 22.70 , 80
150 , 22.96 , 80
151 , 22.96 , 80
152 , 23.21 , 80
153 , 22.70 , 80
154 , 22.96 , 80
155 , 22.96 , 80
156 , 22.45 , 80
157 , 22.45 , 80
158 , 22.96 , 80
159 , 22.96 , 80
160 , 23.21 , 90
161 , 22.96 , 90
162 , 22.96 , 90
163 , 23.47 , 90
164 , 23.47 , 90
165 , 23.47 , 90
166 , 23.47 , 90
167 , 23.21 , 90
168 , 23.47 , 90
169 , 23.72 , 90
170 , 23.47 , 90
171 , 23.98 , 90
172 , 23.47 , 90
173 , 23.47 , 90
174 , 23.72 , 90
175 , 23.47 , 90
176 , 24.23 , 90
177 , 23.47 , 90
178 , 23.21 , 90
179 , 23.47 , 90
180 , 23.47 , 100
181 , 24.23 , 100
182 , 23.98 , 100
183 , 23.98 , 100
184 , 23.98 , 100
185 , 23.98 , 100
186 , 24.23 , 100
187 , 24.23 , 100
188 , 24.23 , 100
189 , 24.49 , 100
190 , 24.23 , 100
191 , 24.49 , 100
192 , 24.23 , 100
193 , 24.23 , 100
194 , 24.74 , 100
195 , 23.98 , 100
196 , 24.49 , 100
197 , 24.74 , 100
198 , 24.23 , 100
199 , 24.23 , 100
200 , 24.49 , 110
201 , 24.74 , 110
202 , 23.98 , 110
203 , 24.23 , 110
204 , 24.74 , 110
205 , 24.49 , 110
206 , 24.74 , 110
207 , 24.74 , 110
208 , 25.25 , 110
209 , 25.00 , 110
210 , 25.25 , 110
211 , 25.00 , 110
212 , 25.51 , 110
213 , 25.25 , 110
214 , 24.74 , 110
215 , 25.51 , 110
216 , 25.25 , 110
217 , 25.00 , 110
218 , 25.00 , 110
219 , 25.51 , 110
220 , 24.74 , 120
221 , 25.25 , 120
222 , 24.74 , 120
223 , 25.51 , 120
224 , 25.51 , 120
225 , 25.25 , 120
226 , 25.00 , 120
227 , 25.25 , 120
228 , 25.51 , 120
229 , 25.25 , 120
230 , 25.51 , 120
231 , 25.76 , 120
232 , 25.76 , 120
233 , 26.02 , 120
234 , 25.76 , 120
235 , 26.02 , 120
236 , 26.27 , 120
237 , 26.02 , 120
238 , 25.76 , 120
239 , 25.76 , 120
240 , 25.76 , 130
241 , 26.27 , 130
242 , 26.02 , 130
243 , 26.78 , 130
244 , 26.53 , 130
245 , 26.27 , 130
246 , 23.47 , 130
247 , 23.21 , 130
248 , 22.45 , 130
249 , 22.19 , 130
250 , 21.94 , 130
