0	20.66	10	6.9	20
1	20.4	10	6.9	20
2	20.66	10	6.9	20
3	20.66	10	6.9	20
4	20.4	10	6.9	20
5	20.4	10	6.9	20
6	20.66	10	6.9	20
7	20.4	10	6.9	20
8	20.92	10	6.9	20
9	20.66	10	6.9	20
10	20.66	10	6.9	20
11	20.92	10	6.9	20
12	20.15	10	6.9	20
13	20.92	10	6.9	20
14	20.4	10	6.9	20
15	20.4	10	6.9	20
16	20.4	10	6.9	20
17	20.92	10	6.9	20
18	20.92	10	6.9	20
19	20.4	10	6.9	20
20	20.66	20	31.5	80
21	20.92	20	31.5	80
22	20.92	20	31.5	80
23	20.66	20	31.5	80
24	20.92	20	31.5	80
25	21.17	20	31.5	80
26	20.92	20	31.5	80
27	21.17	20	31.5	80
28	20.92	20	31.5	80
29	20.92	20	31.5	80
30	21.17	20	31.5	80
31	20.92	20	31.5	80
32	20.92	20	31.5	80
33	21.43	20	31.5	80
34	21.17	20	31.5	80
35	21.17	20	31.5	80
36	21.17	20	31.5	80
37	20.66	20	31.5	80
38	21.17	20	31.5	80
39	21.43	20	31.5	80
40	21.17	30	57.7	147
41	21.43	30	57.7	147
42	21.94	30	57.7	147
43	21.17	30	57.7	147
44	21.43	30	57.7	147
45	21.68	30	57.7	147
46	21.43	30	57.7	147
47	21.68	30	57.7	147
48	21.68	30	57.7	147
49	21.43	30	57.7	147
50	21.68	30	57.7	147
51	21.68	30	57.7	147
52	21.43	30	57.7	147
53	21.94	30	57.7	147
54	21.43	30	57.7	147
55	21.68	30	57.7	147
56	21.68	30	57.7	147
57	21.68	30	57.7	147
58	21.68	30	57.7	147
59	21.68	30	57.7	147
60	21.17	40	78.2	200
61	21.94	40	78.2	200
62	21.94	40	78.2	200
63	21.94	40	78.2	200
64	21.94	40	78.2	200
65	22.19	40	78.2	200
66	21.94	40	78.2	200
67	21.94	40	78.2	200
68	21.94	40	78.2	200
69	22.19	40	78.2	200
70	22.19	40	78.2	200
71	21.94	40	78.2	200
72	22.45	40	78.2	200
73	22.19	40	78.2	200
74	22.19	40	78.2	200
75	21.68	40	78.2	200
76	21.68	40	78.2	200
77	22.19	40	78.2	200
78	21.94	40	78.2	200
79	21.68	40	78.2	200
80	21.94	50	106.1	274
81	22.19	50	106.1	274
82	22.7	50	106.1	274
83	22.96	50	106.1	274
84	22.19	50	106.1	274
85	21.94	50	106.1	274
86	22.45	50	106.1	274
87	22.7	50	106.1	274
88	21.68	50	106.1	274
89	21.94	50	106.1	274
90	22.19	50	106.1	274
91	22.7	50	106.1	274
92	22.45	50	106.1	274
93	22.7	50	106.1	274
94	22.45	50	106.1	274
95	22.19	50	106.1	274
96	22.45	50	106.1	274
97	22.96	50	106.1	274
98	22.7	50	106.1	274
99	22.7	50	106.1	274
100	22.7	60	135	348
101	21.94	60	135	348
102	22.7	60	135	348
103	23.21	60	135	348
104	22.7	60	135	348
105	22.96	60	135	348
106	22.96	60	135	348
107	22.96	60	135	348
108	22.7	60	135	348
109	22.96	60	135	348
110	22.7	60	135	348
111	22.45	60	135	348
112	22.19	60	135	348
113	22.96	60	135	348
114	23.21	60	135	348
115	22.7	60	135	348
116	23.21	60	135	348
117	23.21	60	135	348
118	22.7	60	135	348
119	23.21	60	135	348
120	22.96	70	163	420
121	22.96	70	163	420
122	23.47	70	163	420
123	23.47	70	163	420
124	23.47	70	163	420
125	23.47	70	163	420
126	23.47	70	163	420
127	22.96	70	163	420
128	23.72	70	163	420
129	23.21	70	163	420
130	23.47	70	163	420
131	23.72	70	163	420
132	23.21	70	163	420
133	23.47	70	163	420
134	23.21	70	163	420
135	23.72	70	163	420
136	23.47	70	163	420
137	23.72	70	163	420
138	23.47	70	163	420
139	23.98	70	163	420
140	22.96	80	194	493
141	23.72	80	194	493
142	23.72	80	194	493
143	24.23	80	194	493
144	23.72	80	194	493
145	24.23	80	194	493
146	24.23	80	194	493
147	23.72	80	194	493
148	23.98	80	194	493
149	24.49	80	194	493
150	23.98	80	194	493
151	24.49	80	194	493
152	24.49	80	194	493
153	24.23	80	194	493
154	23.98	80	194	493
155	23.72	80	194	493
156	24.74	80	194	493
157	24.49	80	194	493
158	23.98	80	194	493
159	23.98	80	194	493
160	24.23	90	221	563
161	24.49	90	221	563
162	25	90	221	563
163	24.74	90	221	563
164	24.23	90	221	563
165	25	90	221	563
166	24.74	90	221	563
167	25	90	221	563
168	24.74	90	221	563
169	25	90	221	563
170	24.74	90	221	563
171	24.74	90	221	563
172	24.49	90	221	563
173	25	90	221	563
174	24.74	90	221	563
175	25	90	221	563
176	24.74	90	221	563
177	24.49	90	221	563
178	24.74	90	221	563
179	25.25	90	221	563
180	24.49	100	250	650
181	25.25	100	250	650
182	25.51	100	250	650
183	25.25	100	250	650
184	24.74	100	250	650
185	25	100	250	650
186	25.51	100	250	650
187	25.51	100	250	650
188	25.51	100	250	650
189	25.25	100	250	650
190	25.51	100	250	650
191	25.76	100	250	650
192	25.76	100	250	650
193	25.25	100	250	650
194	25.51	100	250	650
195	25.51	100	250	650
196	25.76	100	250	650
197	25.76	100	250	650
198	25.51	100	250	650
199	25.76	100	250	650
200	25.76	110	276	722
201	25.76	110	276	722
202	26.02	110	276	722
203	26.53	110	276	722
204	26.02	110	276	722
205	26.27	110	276	722
206	25.76	110	276	722
207	26.02	110	276	722
208	26.02	110	276	722
209	26.02	110	276	722
210	25.76	110	276	722
211	26.78	110	276	722
212	26.27	110	276	722
213	25.51	110	276	722
214	26.53	110	276	722
215	26.02	110	276	722
216	26.53	110	276	722
217	26.27	110	276	722
218	26.53	110	276	722
219	26.53	110	276	722
220	26.27	120	303	770
221	26.53	120	303	770
222	26.78	120	303	770
223	27.29	120	303	770
224	27.29	120	303	770
225	26.78	120	303	770
226	26.53	120	303	770
227	27.04	120	303	770
228	27.04	120	303	770
229	27.04	120	303	770
230	27.04	120	303	770
231	27.04	120	303	770
232	27.55	120	303	770
233	27.29	120	303	770
234	27.29	120	303	770
235	27.04	120	303	770
236	27.04	120	303	770
237	27.29	120	303	770
238	27.29	120	303	770
239	27.04	120	303	770
